0	1	2	2	1
0	0	0	0	(-0.9687606000595671-0.04173167513890138j)
0	0	1	0	(2.38763845726955e-16-5.528711982425384e-15j)
0	1	0	0	(-1.170532010574085e-15+5.490232300537271e-15j)
0	1	1	0	(-0.9687606000595743-0.04173167513889926j)
-1	-1	-1	-1	-1
1	1	2	2	1
0	0	0	0	(-0.969659029214718+0j)
0	0	1	0	7.167715904215141e-15j
0	1	0	0	(1.1378340569270813e-15-7.165266231025412e-15j)
0	1	1	0	(-0.9696590292147685-4.6502008891043545e-15j)
-1	-1	-1	-1	-1
2	1	2	2	1
0	0	0	0	(-0.969659028070438+0j)
0	0	1	0	(-1.0526814123828473e-61+9.299145132327458e-15j)
0	1	0	0	(8.548279343959846e-16-9.295498630304475e-15j)
0	1	1	0	(-0.9696590280704763-6.0315989841897466e-15j)
-1	-1	-1	-1	-1
3	1	2	2	1
0	0	0	0	(-0.969659026931258+0j)
0	0	1	0	(-1.3273008693137845e-61+5.525438682419032e-15j)
0	1	0	0	(9.856168708979028e-16-5.523037474569094e-15j)
0	1	1	0	(-0.9696590269312896-2.8336371100233015e-15j)
-1	-1	-1	-1	-1
4	1	2	2	1
0	0	0	0	(-0.9696590257907725+0j)
0	0	1	0	(3.19283623959224e-61-1.3865590473694967e-14j)
0	1	0	0	(1.8815756226369747e-15+1.3867629381099517e-14j)
0	1	1	0	(-0.9696590257907304-1.1779834284838487e-14j)
-1	-1	-1	-1	-1
5	1	2	2	1
0	0	0	0	(-0.9696590246373615+0j)
0	0	1	0	-2.5890717852257382e-17j
0	1	0	0	(2.634207361884402e-16+2.851437736184306e-17j)
0	1	1	0	(-0.9696590246373648+4.048053022932396e-16j)
-1	-1	-1	-1	-1
6	1	2	2	1
0	0	0	0	(-0.969659023453898+0j)
0	0	1	0	(-4.422433172547355e-61-5.195818476203817e-15j)
0	1	0	0	(1.5699899898668114e-16+5.19857171753465e-15j)
0	1	1	0	(-0.9696590234538671+4.129014086919866e-15j)
-1	-1	-1	-1	-1
7	1	2	2	1
0	0	0	0	(-0.9696590222162765+0j)
0	0	1	0	(-4.57158365220535e-61-2.4011357310769793e-14j)
0	1	0	0	(-1.6140096801155538e-15+2.401470709484682e-14j)
0	1	1	0	(-0.9696590222161579+9.634366208890737e-15j)
-1	-1	-1	-1	-1
8	1	2	2	1
0	0	0	0	(-0.9696590208913738+0j)
0	0	1	0	(-1.2091977688432508e-61+7.09010675161278e-15j)
0	1	0	0	(-1.8040770829100397e-15-7.089569022855723e-15j)
0	1	1	0	(-0.9696590208913836+1.2306081211231209e-14j)
-1	-1	-1	-1	-1
9	1	2	2	1
0	0	0	0	(0.9696590194340815+0j)
0	0	1	0	5.998285474758984e-15j
0	1	0	0	(-3.998485420332558e-16-5.999793891788411e-15j)
0	1	1	0	(0.969659019434052+9.30852270274083e-16j)
-1	-1	-1	-1	-1
10	1	2	2	1
0	0	0	0	(-0.9696590194341314-1.2513302999864371e-30j)
0	0	1	0	(2.433810824037492e-19-3.954337836953067e-14j)
0	1	0	0	(2.6415222228234168e-15+3.9546231203478475e-14j)
0	1	1	0	(-0.9696590194340025+9.741743705019479e-16j)
-1	-1	-1	-1	-1
11	1	2	2	1
0	0	0	0	(-0.96965901832219+5.638905348047493e-31j)
0	0	1	0	(-1.3507672705210238e-44-5.6076442037746574e-14j)
0	1	0	0	(1.652626143986411e-15+5.608046868603775e-14j)
0	1	1	0	(-0.9696590183219779-2.9939069922371534e-15j)
-1	-1	-1	-1	-1
12	1	2	2	1
0	0	0	0	(-0.9696590171951872-2.2543706154078504e-31j)
0	0	1	0	(4.4529428756483514e-45-4.623986257140577e-14j)
0	1	0	0	(-8.143792683524231e-17+4.624496723518799e-14j)
0	1	1	0	(-0.9696590171949933+8.087963293432669e-17j)
-1	-1	-1	-1	-1
13	1	2	2	1
0	0	0	0	(-0.9696590160562935+2.2755130504792745e-31j)
0	0	1	0	(-1.0057749471141886e-44-1.0347041911875816e-13j)
0	1	0	0	(1.0373687462554039e-15+1.0347213650488276e-13j)
0	1	1	0	(-0.9696590160559564-6.556809379488329e-15j)
-1	-1	-1	-1	-1
14	1	2	2	1
0	0	0	0	(-0.9696590149130079+2.172862678227042e-31j)
0	0	1	0	(-6.532203822063132e-45-7.037560992684965e-14j)
0	1	0	0	(-6.667206178650625e-16+7.037859186650739e-14j)
0	1	1	0	(-0.969659014912758+2.4221649251735663e-16j)
-1	-1	-1	-1	-1
15	1	2	2	1
0	0	0	0	(-0.9696590137798445-3.3447672342876816e-32j)
0	0	1	0	(1.1129949337214367e-45-7.789722946037812e-14j)
0	1	0	0	(-3.29845953744089e-15+7.790109562926937e-14j)
0	1	1	0	(-0.9696590137795603+4.530521526700858e-15j)
-1	-1	-1	-1	-1
16	1	2	2	1
0	0	0	0	(-0.9696590126806648+2.8761096096180004e-31j)
0	0	1	0	(-1.0385993341534797e-44-8.453515055525296e-14j)
0	1	0	0	(-1.7290723684326942e-15+8.454045841631027e-14j)
0	1	1	0	(-0.9696590126803445+2.831908424426021e-15j)
-1	-1	-1	-1	-1
17	1	2	2	1
0	0	0	0	(-0.9696590116531837-7.090192023636436e-31j)
0	0	1	0	(2.5833391549364403e-44-8.529393531367554e-14j)
0	1	0	0	(-7.82434790610417e-15+8.52950289403547e-14j)
0	1	1	0	(-0.9696590116528405+1.7078871823240233e-14j)
-1	-1	-1	-1	-1
18	1	2	2	1
0	0	0	0	(-0.9696590107549218-9.42288692987806e-32j)
0	0	1	0	(2.0650521569478416e-45-5.1302882636109336e-14j)
0	1	0	0	(-1.2613363072804708e-16+5.1303145153222645e-14j)
0	1	1	0	(-0.9696590107545611-1.7809387862684634e-15j)
-1	-1	-1	-1	-1
19	1	2	2	1
0	0	0	0	(-0.9696590107550601+0j)
0	0	1	0	(-2.304311150290795e-58-2.138640026346076e-13j)
0	1	0	0	(-2.6611369631260442e-15+2.138633188473093e-13j)
0	1	1	0	(-0.969659010754423+6.070749108153325e-15j)
-1	-1	-1	-1	-1
20	1	2	2	1
0	0	0	0	(-0.9696590093886545+0j)
0	0	1	0	(-6.064326911487157e-59-2.2221499726390396e-13j)
0	1	0	0	(-1.4779878460682277e-15+2.2221213576270353e-13j)
0	1	1	0	(-0.9696590093880256+1.9423264974981414e-15j)
-1	-1	-1	-1	-1
21	1	2	2	1
0	0	0	0	(-0.9696590079641385+0j)
0	0	1	0	(1.9709235496668748e-58-1.412430645685961e-13j)
0	1	0	0	(1.2377595506441204e-15+1.4124338044861062e-13j)
0	1	1	0	(-0.9696590079636471-5.8285775956452505e-15j)
-1	-1	-1	-1	-1
22	1	2	2	1
0	0	0	0	(-0.9696590064809368+0j)
0	0	1	0	(-2.6259145119583137e-59-1.0063742983777402e-13j)
0	1	0	0	(-1.3844886150090242e-15+1.0063848896486139e-13j)
0	1	1	0	(-0.9696590064805585+3.1567891828814946e-15j)
-1	-1	-1	-1	-1
23	1	2	2	1
0	0	0	0	(-0.9696590049474401+0j)
0	0	1	0	(-2.340294636713516e-60-1.1198035043086922e-13j)
0	1	0	0	(3.151599338272652e-16+1.1198166597820056e-13j)
0	1	1	0	(-0.9696590049470364-1.780985790880764e-15j)
-1	-1	-1	-1	-1
24	1	2	2	1
0	0	0	0	(-0.9696590033811257+0j)
0	0	1	0	(-6.8280984827698595e-59-1.4062269240555024e-13j)
0	1	0	0	(-2.655040458962838e-16+1.4062432754912115e-13j)
0	1	1	0	(-0.9696590033806208+2.752543368999793e-15j)
-1	-1	-1	-1	-1
25	1	2	2	1
0	0	0	0	(-0.9696590017924348+0j)
0	0	1	0	(-5.490903946876127e-59-1.609901712544633e-13j)
0	1	0	0	(-1.3453569936725674e-15+1.6099103713731346e-13j)
0	1	1	0	(-0.9696590017919012+8.898990083967577e-16j)
-1	-1	-1	-1	-1
26	1	2	2	1
0	0	0	0	(-0.9696590001490497+0j)
0	0	1	0	(2.006230388648829e-61-7.442580082017313e-14j)
0	1	0	0	(3.983947243073499e-16+7.442888529556213e-14j)
0	1	1	0	(-0.9696590001487085-4.0460611507505168e-16j)
-1	-1	-1	-1	-1
27	1	2	2	1
0	0	0	0	(0.9696589983365003+0j)
0	0	1	0	(-1.4802334242674228e-58+2.049639383535602e-13j)
0	1	0	0	(1.797581784732786e-15-2.0496111516329123e-13j)
0	1	1	0	(0.9696589983358401-6.1952314250300264e-15j)
-1	-1	-1	-1	-1
28	1	2	2	1
0	0	0	0	(0.9696589939472912+0j)
0	0	1	0	3.782929016668024e-14j
0	1	0	0	(4.723839234754952e-16-3.7829804364173956e-14j)
0	1	1	0	(0.9696589939469654-1.618985052112208e-15j)
-1	-1	-1	-1	-1
29	1	2	2	1
0	0	0	0	(-0.9696589939474108-3.484812986522034e-31j)
0	0	1	0	(-1.6159726207142218e-19-1.649638362264179e-13j)
0	1	0	0	(1.723747763554913e-15+1.649615121447365e-13j)
0	1	1	0	(-0.9696589939468461-6.459648306322405e-16j)
-1	-1	-1	-1	-1
30	1	2	2	1
0	0	0	0	(-0.9696589922211728-1.3721804132923957e-31j)
0	0	1	0	(1.227973819475944e-44-2.0949449075975568e-13j)
0	1	0	0	(-1.4712713266754521e-15+2.094886497279106e-13j)
0	1	1	0	(-0.9696589922205745+5.3419595096919686e-15j)
-1	-1	-1	-1	-1
31	1	2	2	1
0	0	0	0	(-0.9696589903894354-2.642350041213933e-31j)
0	0	1	0	(2.076768626315728e-44-1.8398926246950222e-13j)
0	1	0	0	(2.6687176947661877e-15+1.8398583778806623e-13j)
0	1	1	0	(-0.9696589903888025-6.879022454863834e-15j)
-1	-1	-1	-1	-1
32	1	2	2	1
0	0	0	0	(-0.9696589884570049-1.254738638850316e-31j)
0	0	1	0	(1.241046353286353e-44-2.315418205432447e-13j)
0	1	0	0	(-4.047345896612804e-16+2.315368112596804e-13j)
0	1	1	0	(-0.9696589884563364+2.1855442322345937e-15j)
-1	-1	-1	-1	-1
33	1	2	2	1
0	0	0	0	(-0.9696589864413705-2.7244641542800526e-31j)
0	0	1	0	(2.1635317720590387e-44-1.8589893043331852e-13j)
0	1	0	0	(-1.0820639282859991e-16+1.8589636042603595e-13j)
0	1	1	0	(-0.969658986440778+7.285414516151011e-16j)
-1	-1	-1	-1	-1
34	1	2	2	1
0	0	0	0	(-0.9696589843770507-3.5708018514996044e-31j)
0	0	1	0	(1.291560940062913e-44-8.467278845395341e-14j)
0	1	0	0	(-2.5507545270117916e-15+8.467503784931548e-14j)
0	1	1	0	(-0.9696589843767205+6.3933740461566295e-15j)
-1	-1	-1	-1	-1
35	1	2	2	1
0	0	0	0	(-0.9696589823213558-6.196230028291021e-32j)
0	0	1	0	(3.7117886464207825e-45-1.4023306203634447e-13j)
0	1	0	0	(4.459608039593856e-16+1.4023177184085498e-13j)
0	1	1	0	(-0.9696589823207995-3.6428023615431e-15j)
-1	-1	-1	-1	-1
36	1	2	2	1
0	0	0	0	(-0.9696589803607086+6.877236791460747e-32j)
0	0	1	0	(-5.987536163556773e-45-2.0381159180525908e-13j)
0	1	0	0	(-3.462488863563611e-15+2.0380708136355507e-13j)
0	1	1	0	(-0.9696589803600606+1.4571260353710735e-14j)
-1	-1	-1	-1	-1
37	1	2	2	1
0	0	0	0	(-0.9696589786218845+8.581330460878549e-32j)
0	0	1	0	(-6.324085176903287e-46-1.7251934179236627e-14j)
0	1	0	0	(6.476464193947381e-16+1.72538273570372e-14j)
0	1	1	0	(-0.9696589786217226-1.826604068682536e-15j)
-1	-1	-1	-1	-1
38	1	2	2	1
0	0	0	0	(0.9696589786220492+0j)
0	0	1	0	(2.864905971157856e-59+1.395812253497383e-13j)
0	1	0	0	(3.0695353700266416e-15-1.3958100237560233e-13j)
0	1	1	0	(0.9696589786215581-3.0749857427688847e-15j)
-1	-1	-1	-1	-1
39	1	2	2	1
0	0	0	0	(-0.9696589759547488+0j)
0	0	1	0	(-1.7665324451819e-58-2.1744097730722944e-13j)
0	1	0	0	(-1.0852931848101852e-15+2.1743473403141348e-13j)
0	1	1	0	(-0.9696589759541414+3.5617442429799514e-15j)
-1	-1	-1	-1	-1
40	1	2	2	1
0	0	0	0	(-0.9696589731159267+0j)
0	0	1	0	(-6.818613223568215e-59-1.295037764360897e-13j)
0	1	0	0	(6.176932403870202e-15+1.2950343454241107e-13j)
0	1	1	0	(-0.9696589731154879-2.1775438200108545e-14j)
-1	-1	-1	-1	-1
41	1	2	2	1
0	0	0	0	(-0.9696589701370086+0j)
0	0	1	0	(1.5734077775682068e-58-1.900117001661296e-13j)
0	1	0	0	(1.1609202452971289e-15+1.900089724491751e-13j)
0	1	1	0	(-0.9696589701363487-4.695161355312803e-15j)
-1	-1	-1	-1	-1
42	1	2	2	1
0	0	0	0	(-0.9696589670797201+0j)
0	0	1	0	(5.95741353858559e-59-1.7542432033802223e-13j)
0	1	0	0	(1.7225639620775873e-15+1.7542337641416952e-13j)
0	1	1	0	(-0.9696589670791694-5.747374705820345e-15j)
-1	-1	-1	-1	-1
43	1	2	2	1
0	0	0	0	(-0.9696589640310602+0j)
0	0	1	0	(-1.458213956748864e-59-7.82094245709636e-14j)
0	1	0	0	(2.2131554591254423e-15+7.82113904596373e-14j)
0	1	1	0	(-0.9696589640306945-8.869344975351133e-16j)
-1	-1	-1	-1	-1
44	1	2	2	1
0	0	0	0	(-0.9696589610576811+0j)
0	0	1	0	(-3.1660173809856364e-60-1.5640649735494225e-13j)
0	1	0	0	(-1.0243419783055461e-15+1.5640481761640337e-13j)
0	1	1	0	(-0.9696589610572012+3.4023826414128603e-15j)
-1	-1	-1	-1	-1
45	1	2	2	1
0	0	0	0	(-0.9696589581220365+0j)
0	0	1	0	(6.274979676799227e-59-1.4115464345509942e-13j)
0	1	0	0	(4.998177302710541e-15+1.4115390764043454e-13j)
0	1	1	0	(-0.9696589581215639-4.7767344761241495e-15j)
-1	-1	-1	-1	-1
46	1	2	2	1
0	0	0	0	(0.9696589550114197+0j)
0	0	1	0	(1.7433358629784063e-58+1.2337508924077367e-13j)
0	1	0	0	(-3.340959820868987e-15-1.2337311657150597e-13j)
0	1	1	0	(0.9696589550109721+1.1568492153297909e-14j)
-1	-1	-1	-1	-1
47	1	2	2	1
0	0	0	0	(0.9696589477688815+0j)
0	0	1	0	3.303158400102442e-14j
0	1	0	0	(3.424839226481557e-16-3.303440627981484e-14j)
0	1	1	0	(0.9696589477686294+9.69174314369249e-16j)
-1	-1	-1	-1	-1
48	1	2	2	1
0	0	0	0	(-0.9696589477690617+2.221758543136141e-31j)
0	0	1	0	(-4.2093271914751295e-18-1.8563412241239926e-13j)
0	1	0	0	(6.798769219874521e-15+1.8563215815971514e-13j)
0	1	1	0	(-0.9696589477684493-1.6835635264037157e-14j)
-1	-1	-1	-1	-1
49	1	2	2	1
0	0	0	0	(-0.9696589450389799-4.044875017410862e-31j)
0	0	1	0	(1.6639015885586636e-44-9.629799014457624e-14j)
0	1	0	0	(2.7311517192953755e-15+9.629706551182021e-14j)
0	1	1	0	(-0.9696589450385831-9.791029079305379e-15j)
-1	-1	-1	-1	-1
50	1	2	2	1
0	0	0	0	(-0.9696589422130677-2.7023259161245875e-32j)
0	0	1	0	(4.306150734705037e-16-5.08331980028455e-13j)
0	1	0	0	(2.2495733760189643e-15+5.071774045936786e-13j)
0	1	1	0	(-0.9696589422109393-2.6961061457497865e-15j)
-1	-1	-1	-1	-1
51	1	2	2	1
0	0	0	0	(-0.9696589393139557-1.5902381017272097e-31j)
0	0	1	0	(-1.0765376804565893e-15-9.994512452414427e-13j)
0	1	0	0	(-3.702738311639488e-15+9.974873962287512e-13j)
0	1	1	0	(-0.9696589393109185+5.9055824758677765e-15j)
-1	-1	-1	-1	-1
52	1	2	2	1
0	0	0	0	(-0.969658936383534-1.584807568768819e-31j)
0	0	1	0	(1.0765376772034238e-15-9.024671940057661e-13j)
0	1	0	0	(3.7906131963917665e-16+9.010801065822671e-13j)
0	1	1	0	(-0.9696589363807278+5.274331373067764e-15j)
-1	-1	-1	-1	-1
53	1	2	2	1
0	0	0	0	(-0.969658933483477-4.924715777593654e-31j)
0	0	1	0	(2.344100001058535e-44-1.1142679846310258e-13j)
0	1	0	0	(-2.3657840412392104e-16+1.1142763110154947e-13j)
0	1	1	0	(-0.969658933483084+9.882583351512732e-15j)
-1	-1	-1	-1	-1
54	1	2	2	1
0	0	0	0	(-0.9696589307004766-4.707480008914756e-31j)
0	0	1	0	(2.6365457230555193e-44-1.3111171855125463e-13j)
0	1	0	0	(-4.147658817862917e-15+1.311093729481722e-13j)
0	1	1	0	(-0.9696589307000036+1.0841188271134357e-14j)
-1	-1	-1	-1	-1
55	1	2	2	1
0	0	0	0	(-0.9696589281427999-2.230708721569624e-31j)
0	0	1	0	(1.3164949468404476e-45-1.3815640286540527e-14j)
0	1	0	0	(1.0125727749435053e-14+1.3816417756584429e-14j)
0	1	1	0	(-0.9696589281426801-2.5343329481267128e-14j)
-1	-1	-1	-1	-1
56	1	2	2	1
0	0	0	0	(-0.9696589259527163+4.580697572367109e-32j)
0	0	1	0	(-2.233734041289719e-46-1.1415489213850916e-14j)
0	1	0	0	(2.7938309352590335e-16+1.1415900717776968e-14j)
0	1	1	0	(-0.9696589259525894-6.006841430901515e-16j)
-1	-1	-1	-1	-1
57	1	2	2	1
0	0	0	0	(0.9696589259528221+0j)
0	0	1	0	(-1.4451554471876145e-59+8.743003968672152e-14j)
0	1	0	0	(-1.288055419654199e-15-8.743319848741166e-14j)
0	1	1	0	(0.9696589259524835+7.395211111815766e-16j)
-1	-1	-1	-1	-1
58	1	2	2	1
0	0	0	0	(-0.9696589226836947+0j)
0	0	1	0	(2.2345254508795175e-60-3.658084832200213e-14j)
0	1	0	0	(8.659558670483346e-15+3.658192231425081e-14j)
0	1	1	0	(-0.9696589226834742-1.568298432823643e-14j)
-1	-1	-1	-1	-1
59	1	2	2	1
0	0	0	0	(-0.969658919512609+0j)
0	0	1	0	(-6.796306301055573e-59-8.818313130274528e-14j)
0	1	0	0	(2.059225965597482e-15+8.81898765670202e-14j)
0	1	1	0	(-0.9696589195123312-9.777546472354515e-16j)
-1	-1	-1	-1	-1
60	1	2	2	1
0	0	0	0	(-2.4658669692904643e-15+0j)
0	0	1	0	(0.7308805457256793+0.6372221295980054j)
0	1	0	0	(0.7308805457256708+0.6372221295978863j)
0	1	1	0	(-4.8916072083817306e-14-2.2835019071290317e-14j)
-1	-1	-1	-1	-1
61	1	2	2	1
0	0	0	0	(-1.565701650192121e-16+0j)
0	0	1	0	(-0.15289631467561346-0.9575286559293572j)
0	1	0	0	(-0.1528963146755924-0.9575286559292033j)
0	1	1	0	(-1.397761682670461e-15-4.33682284422392e-15j)
-1	-1	-1	-1	-1
62	1	2	2	1
0	0	0	0	(-0.969658912702762+0j)
0	0	1	0	(-1.722460241459455e-15-1.2042606754349522e-12j)
0	1	0	0	(-2.3398570667912723e-16+1.2049927082099906e-12j)
0	1	1	0	(-0.9696589126996619+5.712899207666262e-15j)
-1	-1	-1	-1	-1
63	1	2	2	1
0	0	0	0	(-0.9696589122695383+0j)
0	0	1	0	(-8.326195645453606e-61-9.465143619502227e-15j)
0	1	0	0	(-4.8716890041855866e-15+9.466538833703331e-15j)
0	1	1	0	(-0.9696589122694538+1.4917220696624158e-14j)
-1	-1	-1	-1	-1
64	1	2	2	1
0	0	0	0	(-0.9696589130451698+0j)
0	0	1	0	(1.963702465589257e-63+1.7562597274684358e-15j)
0	1	0	0	(-2.5171389993656187e-16-1.75248266878181e-15j)
0	1	1	0	(-0.9696589130450635+6.993052660526741e-15j)
-1	-1	-1	-1	-1
65	1	2	2	1
0	0	0	0	(0.969658914902085+0j)
0	0	1	0	(2.1349827387885123e-60+5.5386379764545265e-14j)
0	1	0	0	(1.4199775902752623e-15-5.538873675149658e-14j)
0	1	1	0	(0.9696589149019207-5.182888285861405e-15j)
-1	-1	-1	-1	-1
66	1	2	2	1
0	0	0	0	(0.9696589201792611+0j)
0	0	1	0	2.4985246663109778e-14j
0	1	0	0	(7.909295154026643e-16-2.498844532129078e-14j)
0	1	1	0	(0.9696589201790715-3.260580560241655e-16j)
-1	-1	-1	-1	-1
67	1	2	2	1
0	0	0	0	(-0.9696589201792999-7.432472867135192e-21j)
0	0	1	0	(1.7833203104413712e-19-7.001840895371226e-14j)
0	1	0	0	(1.625013610925711e-15+7.001966777360551e-14j)
0	1	1	0	(-0.9696589201790328+7.136436930836937e-16j)
-1	-1	-1	-1	-1
68	1	2	2	1
0	0	0	0	(-0.9696589219152635-3.8417453793393645e-31j)
0	0	1	0	(1.0021298936579004e-44-6.106468524855922e-14j)
0	1	0	0	(7.0257152817289395e-15+6.107025753219894e-14j)
0	1	1	0	(-0.9696589219149743-1.2604112479888726e-14j)
-1	-1	-1	-1	-1
69	1	2	2	1
0	0	0	0	(-0.9696589235554872+3.2145054764056355e-31j)
0	0	1	0	(-1.154611901397334e-44-8.408461570377495e-14j)
0	1	0	0	(5.6067471413934135e-15+8.408868440509951e-14j)
0	1	1	0	(-0.969658923555203-1.752676681236911e-14j)
-1	-1	-1	-1	-1
70	1	2	2	1
0	0	0	0	(-0.9696589250938159+6.51450365396525e-33j)
0	0	1	0	(-2.6536697656743598e-46-9.53586796028743e-14j)
0	1	0	0	(-2.3845307229980244e-15+9.535990747130472e-14j)
0	1	1	0	(-0.9696589250934318+9.758931767817344e-15j)
-1	-1	-1	-1	-1
71	1	2	2	1
0	0	0	0	(-3.0449083360633683e-16+1.0984671321329031e-17j)
0	0	1	0	(0.9135314981114406-0.3251132660276396j)
0	1	0	0	(0.913531498111401-0.3251132660276082j)
0	1	1	0	(-1.6222982963202096e-14-1.6172819099091153e-14j)
-1	-1	-1	-1	-1
72	1	2	2	1
0	0	0	0	(-0.9696589278408932+2.8540101094765054e-31j)
0	0	1	0	(-1.3742425558667297e-44-1.1272041311158896e-13j)
0	1	0	0	(-7.30803633055446e-16+1.1272389545135892e-13j)
0	1	1	0	(-0.9696589278404516+1.8573199141025985e-15j)
-1	-1	-1	-1	-1
73	1	2	2	1
0	0	0	0	(-0.9696589290294122+3.3732261762952737e-31j)
0	0	1	0	(-5.285782244192467e-45-3.668246334645042e-14j)
0	1	0	0	(1.4631935304198773e-15+3.6685922018086165e-14j)
0	1	1	0	(-0.9696589290291561-3.823947734283455e-15j)
-1	-1	-1	-1	-1
74	1	2	2	1
0	0	0	0	(-0.9696589300702332+5.181714077685965e-31j)
0	0	1	0	(-2.95589391653957e-44-1.33539604341824e-13j)
0	1	0	0	(2.1451829676282046e-15+1.3354096403133942e-13j)
0	1	1	0	(-0.9696589300697319-7.933112042336427e-15j)
-1	-1	-1	-1	-1
75	1	2	2	1
0	0	0	0	(-0.969658930930267+6.412485720739095e-32j)
0	0	1	0	(-7.53076550407201e-46-2.7492067447382818e-14j)
0	1	0	0	(6.44479038234741e-16+2.749393522607962e-14j)
0	1	1	0	(-0.9696589309300413-2.9301777558255156e-15j)
-1	-1	-1	-1	-1
76	1	2	2	1
0	0	0	0	(0.9696589309303603+0j)
0	0	1	0	(1.2226880684161016e-59+1.033254955968279e-13j)
0	1	0	0	(1.192650384714895e-15-1.0332739233715779e-13j)
0	1	1	0	(0.9696589309299481-7.146533666833925e-15j)
-1	-1	-1	-1	-1
77	1	2	2	1
0	0	0	0	(-0.969658932186462+0j)
0	0	1	0	(-1.1191391157862024e-58-1.4503840605641792e-13j)
0	1	0	0	(-3.5152925849846258e-15+1.450323437558362e-13j)
0	1	1	0	(-0.9696589321859899+8.614991019709734e-15j)
-1	-1	-1	-1	-1
78	1	2	2	1
0	0	0	0	(-0.9696589333369582+0j)
0	0	1	0	(5.943374234428838e-59-1.2301200970626536e-13j)
0	1	0	0	(4.623048933318716e-16+1.2301648034527616e-13j)
0	1	1	0	(-0.9696589333365441-4.609318121765008e-15j)
-1	-1	-1	-1	-1
79	1	2	2	1
0	0	0	0	(-0.9696589343704772+0j)
0	0	1	0	(-6.063798198169343e-60-3.814763951111318e-14j)
0	1	0	0	(9.422910522324896e-16+3.814934755597837e-14j)
0	1	1	0	(-0.969658934370236-6.6100338298385e-16j)
-1	-1	-1	-1	-1
80	1	2	2	1
0	0	0	0	(0.9696589352690956+0j)
0	0	1	0	(2.9997300486537236e-60+2.757386959742987e-14j)
0	1	0	0	(1.0580832176429336e-15-2.7575664967512536e-14j)
0	1	1	0	(0.9696589352689164-7.395176416094242e-15j)
-1	-1	-1	-1	-1
81	1	2	2	1
0	0	0	0	(-0.9696589360141348+0j)
0	0	1	0	(-1.0765376767927122e-15-1.329372444495213e-12j)
0	1	0	0	(3.4848968507703645e-15+1.328801119635699e-12j)
0	1	1	0	(-0.9696589360107917-1.1007742479708884e-15j)
-1	-1	-1	-1	-1
82	1	2	2	1
0	0	0	0	(-0.9696589365915133+0j)
0	0	1	0	(-1.2400693161729369e-61-1.1280584321711186e-13j)
0	1	0	0	(7.834207612421126e-16+1.1280814356744377e-13j)
0	1	1	0	(-0.9696589365911663-3.642856329751131e-15j)
-1	-1	-1	-1	-1
83	1	2	2	1
0	0	0	0	(-0.9696589370235731+0j)
0	0	1	0	(3.8147695633443894e-61-1.2368573035397395e-13j)
0	1	0	0	(-3.696645272965015e-15+1.236853698790483e-13j)
0	1	1	0	(-0.9696589370231065+1.2709039284268535e-14j)
-1	-1	-1	-1	-1
84	1	2	2	1
0	0	0	0	(-0.9696589373543291+0j)
0	0	1	0	(-6.20314539467117e-59-1.1269245999159092e-13j)
0	1	0	0	(-3.1787987736089236e-15+1.1269437563700226e-13j)
0	1	1	0	(-0.9696589373538612+7.26836305286398e-15j)
-1	-1	-1	-1	-1
85	1	2	2	1
0	0	0	0	(0.969658937787624+0j)
0	0	1	0	3.2197405677509936e-14j
0	1	0	0	(8.604782382532609e-16-3.219856685081031e-14j)
0	1	1	0	(0.9696589377873842-9.229561720864333e-15j)
-1	-1	-1	-1	-1
86	1	2	2	1
0	0	0	0	(-0.9696589377877708-1.395431778204665e-27j)
0	0	1	0	(3.4607217412059148e-18-1.6754307867286581e-13j)
0	1	0	0	(-5.733955756916034e-15+1.6753912308224086e-13j)
0	1	1	0	(-0.9696589377872379+1.3760419011701915e-14j)
-1	-1	-1	-1	-1
87	1	2	2	1
0	0	0	0	(-0.9696589378484569-4.441432484774555e-31j)
0	0	1	0	(2.736208289880848e-44-1.4421843548519707e-13j)
0	1	0	0	(-3.431343961122959e-15+1.4421773976232375e-13j)
0	1	1	0	(-0.9696589378479602+9.958211328536001e-15j)
-1	-1	-1	-1	-1
88	1	2	2	1
0	0	0	0	(-0.9696589378669382+3.757733954096907e-32j)
0	0	1	0	(-1.8514456611516947e-45-1.1533991620629516e-13j)
0	1	0	0	(-4.837608059852468e-15+1.1534089054949667e-13j)
0	1	1	0	(-0.9696589378665039+1.0767822006384206e-14j)
-1	-1	-1	-1	-1
89	1	2	2	1
0	0	0	0	(-0.9696589378423491+1.5814816169544672e-32j)
0	0	1	0	(-4.3061507152962785e-16-4.2131900564947753e-13j)
0	1	0	0	(-1.623789572282967e-15+4.2148738259158907e-13j)
0	1	1	0	(-0.9696589378404757+2.2669098963449625e-15j)
-1	-1	-1	-1	-1
90	1	2	2	1
0	0	0	0	(1.5224541856914163e-16-1.0626522148158963e-18j)
0	0	1	0	(-0.8225078707332854-0.5135360339677731j)
0	1	0	0	(-0.8225078707331861-0.5135360339677671j)
0	1	1	0	(7.051120672654571e-15+2.0445752390712648e-14j)
-1	-1	-1	-1	-1
91	1	2	2	1
0	0	0	0	(-0.9696589376618686-2.58159297715817e-32j)
0	0	1	0	(1.8638739575325633e-45-1.6901430330046053e-13j)
0	1	0	0	(-1.876931715830745e-15+1.6901310262517592e-13j)
0	1	1	0	(-0.9696589376613806+3.590060754083987e-15j)
-1	-1	-1	-1	-1
92	1	2	2	1
0	0	0	0	(-0.9696589375168063+8.780444421106693e-32j)
0	0	1	0	(-5.868227374314006e-45-1.5645344298230192e-13j)
0	1	0	0	(3.959300592108499e-15+1.564527989050312e-13j)
0	1	1	0	(-0.9696589375162286-6.715810121084781e-15j)
-1	-1	-1	-1	-1
93	1	2	2	1
0	0	0	0	(-0.969658937349712+5.102166837316418e-32j)
0	0	1	0	(-4.026838492363166e-45-1.8475842261141113e-13j)
0	1	0	0	(-1.327797609088638e-15+1.8475578574674872e-13j)
0	1	1	0	(-0.9696589373491671+1.0767158077214706e-14j)
-1	-1	-1	-1	-1
94	1	2	2	1
0	0	0	0	(-0.9696589371807034-6.17191989419366e-32j)
0	0	1	0	(3.240652465530504e-46-1.2291556113737629e-14j)
0	1	0	0	(4.615843264406487e-16+1.2294615966181324e-14j)
0	1	1	0	(-0.969658937180576+2.131038338912866e-15j)
-1	-1	-1	-1	-1
95	1	2	2	1
0	0	0	0	(-0.9696589371808626+0j)
0	0	1	0	(4.004129785776399e-59-1.375522312995602e-13j)
0	1	0	0	(1.5250229752024777e-15+1.3755311204756367e-13j)
0	1	1	0	(-0.9696589371804164-1.3752904707825895e-15j)
-1	-1	-1	-1	-1
96	1	2	2	1
0	0	0	0	(-0.9696589368998629+0j)
0	0	1	0	(5.089190702719757e-59-2.2243471366479623e-13j)
0	1	0	0	(-2.2253953280834724e-16+2.2242799842580158e-13j)
0	1	1	0	(-0.9696589368992193-3.964550916930561e-15j)
-1	-1	-1	-1	-1
97	1	2	2	1
0	0	0	0	(-0.9696589365322975+0j)
0	0	1	0	(6.128992681134783e-60-9.151809972027835e-14j)
0	1	0	0	(1.8096197789502684e-15+9.152244356010632e-14j)
0	1	1	0	(-0.9696589365319261-1.1205287368497394e-14j)
-1	-1	-1	-1	-1
98	1	2	2	1
0	0	0	0	(-0.9696589360725795+0j)
0	0	1	0	(-2.447729447042514e-59-1.3839222669704236e-13j)
0	1	0	0	(4.688228658224019e-15+1.383933861627625e-13j)
0	1	1	0	(-0.9696589360721163-1.237078129707676e-14j)
-1	-1	-1	-1	-1
99	1	2	2	1
0	0	0	0	(-0.9696589355215575+0j)
0	0	1	0	(-1.5060234938732425e-58-1.606450870605624e-13j)
0	1	0	0	(-1.0778024387307998e-15+1.6064251373343292e-13j)
0	1	1	0	(-0.9696589355210521+3.135432502306201e-15j)
-1	-1	-1	-1	-1
100	1	2	2	1
0	0	0	0	(-0.9696589348906196+0j)
0	0	1	0	(-1.0765376755452222e-15-1.347621901587479e-12j)
0	1	0	0	(2.1734203739620007e-15+1.3482010549466227e-12j)
0	1	1	0	(-0.9696589348871525-8.021194823245708e-15j)
-1	-1	-1	-1	-1
101	1	2	2	1
0	0	0	0	(0.9696589341867488+0j)
0	0	1	0	(9.697645506865858e-60+1.0850276470699596e-13j)
0	1	0	0	(2.948486721924925e-15-1.0850527316648837e-13j)
0	1	1	0	(0.9696589341863646-5.916273823575508e-15j)
-1	-1	-1	-1	-1
102	1	2	2	1
0	0	0	0	(-0.9696589334080629+0j)
0	0	1	0	(-1.835763635977247e-59-1.2044226252783766e-13j)
0	1	0	0	(-2.135971848615483e-15+1.2044290915295234e-13j)
0	1	1	0	(-0.9696589334077027-2.2755679933774224e-15j)
-1	-1	-1	-1	-1
103	1	2	2	1
0	0	0	0	(0.9696589325030097+0j)
0	0	1	0	(1.0015194669823067e-60+1.2039460981418554e-13j)
0	1	0	0	(3.086168819431168e-15-1.2039713439454054e-13j)
0	1	1	0	(0.9696589325026445-1.3395098065683953e-14j)
-1	-1	-1	-1	-1
104	1	2	2	1
0	0	0	0	(0.9696589301691189+0j)
0	0	1	0	1.9496123755323433e-14j
0	1	0	0	(1.2911407107134099e-15-1.949919455883794e-14j)
0	1	1	0	(0.9696589301689137-5.6773949189540435e-15j)
-1	-1	-1	-1	-1
105	1	2	2	1
0	0	0	0	(-0.9696589301692751-9.513564276665123e-19j)
0	0	1	0	(2.5504772401191993e-18-1.4854683741798853e-13j)
0	1	0	0	(-2.571613278687108e-15+1.4854480165080036e-13j)
0	1	1	0	(-0.9696589301687576+1.0203297661718667e-14j)
-1	-1	-1	-1	-1
106	1	2	2	1
0	0	0	0	(-0.9696589292040276-1.0018496256259023e-31j)
0	0	1	0	(7.72457113833261e-45-1.8049556003265016e-13j)
0	1	0	0	(3.2975198564217585e-15+1.804927028884363e-13j)
0	1	1	0	(-0.9696589292034118-6.2972531174148876e-15j)
-1	-1	-1	-1	-1
107	1	2	2	1
0	0	0	0	(-0.969658928159845-7.288381907832955e-31j)
0	0	1	0	(4.938966173684513e-44-1.586352203874386e-13j)
0	1	0	0	(2.393221775959377e-15+1.586362542096904e-13j)
0	1	1	0	(-0.9696589281593346-7.843103530811473e-17j)
-1	-1	-1	-1	-1
108	1	2	2	1
0	0	0	0	(-0.9696589270394915+6.718009325598741e-31j)
0	0	1	0	(-4.306150667324029e-16-2.700992665506163e-13j)
0	1	0	0	(-5.46401362852023e-15+2.701990214286953e-13j)
0	1	1	0	(-0.9696589270380852+1.8198530248784733e-14j)
-1	-1	-1	-1	-1
109	1	2	2	1
0	0	0	0	(-3.044908333949519e-16-1.262959401773812e-17j)
0	0	1	0	(-0.3553637562612544-0.9021945650574976j)
0	1	0	0	(-0.35536375626123534-0.9021945650574801j)
0	1	1	0	(-6.7038319252701166e-15+1.1020808853702291e-14j)
-1	-1	-1	-1	-1
110	1	2	2	1
0	0	0	0	(-0.9696589246187828+2.3324437477843187e-31j)
0	0	1	0	(-1.3120042420382697e-44-1.316796747099797e-13j)
0	1	0	0	(-7.682270007382693e-16+1.316790669022148e-13j)
0	1	1	0	(-0.969658924618403+4.082813977563874e-15j)
-1	-1	-1	-1	-1
111	1	2	2	1
0	0	0	0	(-0.9696589233760495-7.274661082495701e-32j)
0	0	1	0	(1.3945724506493914e-45-4.48769156391846e-14j)
0	1	0	0	(-1.889206024944692e-15+4.4882945690563693e-14j)
0	1	1	0	(-0.9696589233757671+4.208086884607954e-15j)
-1	-1	-1	-1	-1
112	1	2	2	1
0	0	0	0	(-0.9696589221788431-6.6760569777650316e-31j)
0	0	1	0	(4.0170951446333563e-44-1.4085970248468895e-13j)
0	1	0	0	(-7.360182896854007e-15+1.408616714081325e-13j)
0	1	1	0	(-0.9696589221783557+1.6350455859771862e-14j)
-1	-1	-1	-1	-1
113	1	2	2	1
0	0	0	0	(-0.9696589211083034+8.278534312394615e-32j)
0	0	1	0	(-5.460396206944805e-46-1.5440643144284477e-14j)
0	1	0	0	(4.1365300352995936e-16+1.5442065868601817e-14j)
0	1	1	0	(-0.9696589211081478-1.7048307626255859e-15j)
-1	-1	-1	-1	-1
114	1	2	2	1
0	0	0	0	(0.9696589211083623+0j)
0	0	1	0	(-6.307974492706557e-60+4.970899982856239e-14j)
0	1	0	0	(4.0016815278585666e-15-4.9715100950925146e-14j)
0	1	1	0	(0.9696589211080887-1.2067500675428507e-14j)
-1	-1	-1	-1	-1
115	1	2	2	1
0	0	0	0	(-0.969658919456964+0j)
0	0	1	0	(-1.1656331026596896e-59-1.7219365945846438e-13j)
0	1	0	0	(2.7396084710824533e-16+1.7218793912758574e-13j)
0	1	1	0	(-0.969658919456522+3.3992545352148515e-16j)
-1	-1	-1	-1	-1
116	1	2	2	1
0	0	0	0	(-0.9696589176707181+0j)
0	0	1	0	(-5.579449385936876e-60-1.1461422537961857e-13j)
0	1	0	0	(-3.2107921145758972e-15+1.1461219543062144e-13j)
0	1	1	0	(-0.9696589176703257+9.53658411462997e-15j)
-1	-1	-1	-1	-1
117	1	2	2	1
0	0	0	0	(-0.9696589157653683+0j)
0	0	1	0	(-2.176498453169996e-59-1.430202191329207e-13j)
0	1	0	0	(-1.24281274568325e-15+1.4301800670275203e-13j)
0	1	1	0	(-0.9696589157648482+3.1316683384129185e-15j)
-1	-1	-1	-1	-1
118	1	2	2	1
0	0	0	0	(-0.969658913777097+0j)
0	0	1	0	(-2.357284845436232e-59-1.5779342315483497e-13j)
0	1	0	0	(-3.2634350906609646e-15+1.5779515787506104e-13j)
0	1	1	0	(-0.9696589137765602+1.3617496304224793e-14j)
-1	-1	-1	-1	-1
119	1	2	2	1
0	0	0	0	(-0.969658911761503+0j)
0	0	1	0	(3.014305419627564e-15-1.3150534299480602e-12j)
0	1	0	0	(-2.215730035532176e-15+1.3164495720608153e-12j)
0	1	1	0	(-0.9696589117582545+1.43275826828546e-14j)
-1	-1	-1	-1	-1
120	1	2	2	1
0	0	0	0	(-0.969658909757188+0j)
0	0	1	0	(3.590860826719386e-61-4.335244320742827e-14j)
0	1	0	0	(5.839367030355342e-16+4.335562058955218e-14j)
0	1	1	0	(-0.9696589097569885+4.453150838329317e-15j)
-1	-1	-1	-1	-1
121	1	2	2	1
0	0	0	0	(-0.9696589077436314+0j)
0	0	1	0	(9.5412765971092e-59-7.48199799368004e-14j)
0	1	0	0	(1.0034118992810276e-15+7.482240663917614e-14j)
0	1	1	0	(-0.9696589077433363-3.481101048897587e-15j)
-1	-1	-1	-1	-1
122	1	2	2	1
0	0	0	0	(0.9696589055738883+0j)
0	0	1	0	(4.066386277131069e-59+1.1217854240327658e-13j)
0	1	0	0	(6.086579759352667e-15-1.1217805058596504e-13j)
0	1	1	0	(0.9696589055735194-4.2620768382834306e-15j)
-1	-1	-1	-1	-1
123	1	2	2	1
0	0	0	0	(0.9696589003975516+0j)
0	0	1	0	3.4987679886082426e-14j
0	1	0	0	(-3.777592558449473e-16-3.499146615443394e-14j)
0	1	1	0	(0.9696589003972769+3.562465010322601e-15j)
-1	-1	-1	-1	-1
124	1	2	2	1
0	0	0	0	(-0.9696589003976785+3.716235518138351e-21j)
0	0	1	0	(2.3467442429890033e-18-1.5556488964077706e-13j)
0	1	0	0	(-6.253336474439176e-15+1.5556359226131393e-13j)
0	1	1	0	(-0.9696589003971501+9.385485042845807e-15j)
-1	-1	-1	-1	-1
125	1	2	2	1
0	0	0	0	(-0.9696588983858824+8.901256526206474e-32j)
0	0	1	0	(-4.3419237026529624e-45-1.1418933480976617e-13j)
0	1	0	0	(6.654662666070084e-16+1.1418625780326692e-13j)
0	1	1	0	(-0.9696588983853996+3.3206491763122596e-15j)
-1	-1	-1	-1	-1
126	1	2	2	1
0	0	0	0	(-0.9696588962673945-6.023832291200933e-31j)
0	0	1	0	(2.8351300392122504e-44-1.1017797420899355e-13j)
0	1	0	0	(-4.055913813062853e-15+1.1017610350050884e-13j)
0	1	1	0	(-0.969658896267038+7.525545071900978e-15j)
-1	-1	-1	-1	-1
127	1	2	2	1
0	0	0	0	(-0.969658894053593-3.151803241011003e-31j)
0	0	1	0	(-4.306150520840869e-16-1.2809233975262798e-13j)
0	1	0	0	(4.969203417438046e-16+1.281305783019432e-13j)
0	1	1	0	(-0.9696588940530099+1.0127645005447127e-14j)
-1	-1	-1	-1	-1
128	1	2	2	1
0	0	0	0	(-1.2179632907707173e-15-8.459756700486309e-19j)
0	0	1	0	(0.036325096883351185-0.9689782524518543j)
0	1	0	0	(0.03632509688333957-0.9689782524518142j)
0	1	1	0	(-1.7232354056276553e-14-5.550686453148213e-15j)
-1	-1	-1	-1	-1
129	1	2	2	1
0	0	0	0	(-0.9696588894623159-3.6229913400362748e-31j)
0	0	1	0	(-3.660227925374567e-15-9.881160222637943e-13j)
0	1	0	0	(3.219586909027075e-15+9.878485417865162e-13j)
0	1	1	0	(-0.9696588894592932-7.439333744610172e-15j)
-1	-1	-1	-1	-1
130	1	2	2	1
0	0	0	0	(-0.9696588871937595+2.402260427248863e-31j)
0	0	1	0	(-1.076537622593157e-15-3.182910962167465e-13j)
0	1	0	0	(-1.040694412843133e-15+3.188313293035031e-13j)
0	1	1	0	(-0.969658887192172+4.891989073758961e-15j)
-1	-1	-1	-1	-1
131	1	2	2	1
0	0	0	0	(-0.9696588850611226-5.096585357162022e-31j)
0	0	1	0	(2.4527095628127035e-44-1.1265785780174404e-13j)
0	1	0	0	(-6.047206626292048e-15+1.1265626140518339e-13j)
0	1	1	0	(-0.9696588850607258+9.576156488930386e-15j)
-1	-1	-1	-1	-1
132	1	2	2	1
0	0	0	0	(-0.9696588831962439+4.788688834743807e-31j)
0	0	1	0	(-6.390171783418893e-45-3.123852943781922e-14j)
0	1	0	0	(-2.021377447944669e-15+3.123941162470805e-14j)
0	1	1	0	(-0.9696588831960138+6.420786324615533e-15j)
-1	-1	-1	-1	-1
133	1	2	2	1
0	0	0	0	(0.9696588831961885+0j)
0	0	1	0	(-9.413510281261357e-60+2.5125248213937074e-14j)
0	1	0	0	(1.6528898831167105e-15-2.5128505245582378e-14j)
0	1	1	0	(0.9696588831960686-4.193877777230752e-15j)
-1	-1	-1	-1	-1
134	1	2	2	1
0	0	0	0	(-0.9696588803663134+0j)
0	0	1	0	(5.8336997876302815e-59-8.394620597009768e-14j)
0	1	0	0	(-8.713031753645962e-15+8.394709817371017e-14j)
0	1	1	0	(-0.9696588803660522+1.438347052105296e-14j)
-1	-1	-1	-1	-1
135	1	2	2	1
0	0	0	0	(-0.9696588774630703+0j)
0	0	1	0	(-3.2857367545227904e-60-7.101120635923967e-14j)
0	1	0	0	(7.253302374718822e-15+7.101270556011027e-14j)
0	1	1	0	(-0.9696588774627496-2.2195278414986638e-14j)
-1	-1	-1	-1	-1
136	1	2	2	1
0	0	0	0	(-0.9696588745801696+0j)
0	0	1	0	(1.4902882332924035e-59-7.645675086104047e-14j)
0	1	0	0	(1.0862960648993706e-14+7.645797215789754e-14j)
0	1	1	0	(-0.969658874579911-2.4687091620238166e-14j)
-1	-1	-1	-1	-1
137	1	2	2	1
0	0	0	0	(0.9696588718720223+0j)
0	0	1	0	(-3.5145089618867317e-60+4.229537388386723e-14j)
0	1	0	0	(1.784590559594828e-15-4.229977619867322e-14j)
0	1	1	0	(0.9696588718719296-7.142205471253649e-15j)
-1	-1	-1	-1	-1
138	1	2	2	1
0	0	0	0	(3.274526232091668e-16+0j)
0	0	1	0	(0.9693689589790303-0.023709590238679207j)
0	1	0	0	(0.9693689589788748-0.023709590238611418j)
0	1	1	0	(-9.651647640383742e-16-1.3246858351823594e-14j)
-1	-1	-1	-1	-1
139	1	2	2	1
0	0	0	0	(-3.4707923391355503e-16+0j)
0	0	1	0	(0.42680023715932697+0.8706778264951374j)
0	1	0	0	(0.42680023715929966+0.8706778264949669j)
0	1	1	0	(5.1627701006136196e-14-1.3280085030515451e-14j)
-1	-1	-1	-1	-1
140	1	2	2	1
0	0	0	0	(-0.9696588668977855+0j)
0	0	1	0	1.0967747700301587e-16j
0	1	0	0	(-5.183421068277771e-15-1.0424273723576949e-16j)
0	1	1	0	(-0.9696588668976835+1.4700677089285345e-14j)
-1	-1	-1	-1	-1
141	1	2	2	1
0	0	0	0	(0.9696588667698451+0j)
0	0	1	0	(-5.480471548998583e-59+1.6293834778236762e-13j)
0	1	0	0	(-3.134881217541775e-16-1.629353513429775e-13j)
0	1	1	0	(0.969658866769342-1.6601703264487796e-15j)
-1	-1	-1	-1	-1
142	1	2	2	1
0	0	0	0	(0.9696588692417009+0j)
0	0	1	0	4.338357302543833e-15j
0	1	0	0	(1.0142921384610787e-15-4.3397506210500364e-15j)
0	1	1	0	(0.9696588692416472-4.069397924405401e-15j)
-1	-1	-1	-1	-1
143	1	2	2	1
0	0	0	0	(-0.9696588692418983-6.580075562143884e-30j)
0	0	1	0	(3.1890320307389103e-18-1.3183726117091117e-13j)
0	1	0	0	(-4.714873039790611e-15+1.3183714928363707e-13j)
0	1	1	0	(-0.9696588692414493+1.2754967543929802e-14j)
-1	-1	-1	-1	-1
144	1	2	2	1
0	0	0	0	(-0.9696588708339844+2.1699725653751063e-32j)
0	0	1	0	(-1.0791196538511621e-45-1.1641528868205743e-13j)
0	1	0	0	(4.139307706193166e-16+1.1641836580767978e-13j)
0	1	1	0	(-0.9696588708335799-1.1873497199068116e-15j)
-1	-1	-1	-1	-1
145	1	2	2	1
0	0	0	0	(-0.9696588726701947+4.773532345341035e-32j)
0	0	1	0	(-4.362862209683852e-46-2.1395689588694663e-14j)
0	1	0	0	(-9.108380847969837e-16+2.140009266219346e-14j)
0	1	1	0	(-0.9696588726700249+2.598837062168968e-15j)
-1	-1	-1	-1	-1
146	1	2	2	1
0	0	0	0	(-0.9696588746954137+1.13316972174605e-32j)
0	0	1	0	(-5.408835490891336e-46-1.1173866361694352e-13j)
0	1	0	0	(-6.651147588397538e-16+1.1174082297855736e-13j)
0	1	1	0	(-0.9696588746949608+7.787154944822308e-16j)
-1	-1	-1	-1	-1
147	1	2	2	1
0	0	0	0	(-0.9696588768433352+1.4505789186301442e-32j)
0	0	1	0	(-8.825863067810964e-46-1.424329556644811e-13j)
0	1	0	0	(1.0201075477851803e-15+1.4243170999394303e-13j)
0	1	1	0	(-0.9696588768428729-4.825481242810764e-15j)
-1	-1	-1	-1	-1
148	1	2	2	1
0	0	0	0	(-0.9696588790376234+6.551283939174037e-32j)
0	0	1	0	(-4.6452661146997017e-45-1.6598882089561498e-13j)
0	1	0	0	(-1.1223086782736841e-15+1.659839828659223e-13j)
0	1	1	0	(-0.9696588790370899+2.057544815529132e-15j)
-1	-1	-1	-1	-1
149	1	2	2	1
0	0	0	0	(-0.9696588811915321+2.9034901603258174e-32j)
0	0	1	0	(-4.3061504637094804e-16-1.3385453566363335e-12j)
0	1	0	0	(1.075681317714161e-15+1.3385427639769266e-12j)
0	1	1	0	(-0.969658881188165-2.3166266584357757e-15j)
-1	-1	-1	-1	-1
150	1	2	2	1
0	0	0	0	(-0.969658883197886-3.204180205515669e-36j)
0	0	1	0	(1.1641058184911566e-49-8.504919210751426e-14j)
0	1	0	0	(5.0560553118167785e-20+8.504979148351405e-14j)
0	1	1	0	(-0.9696588831974463-3.0468089827240676e-19j)
-1	-1	-1	-1	-1
151	1	2	2	1
0	0	0	0	(-0.9696588849359363-4.117210183006454e-36j)
0	0	1	0	(1.5951140092439818e-49-9.069500259756576e-14j)
0	1	0	0	(7.839840065780083e-20+9.069598456966727e-14j)
0	1	1	0	(-0.9696588849354787-3.864493757294263e-19j)
-1	-1	-1	-1	-1
152	1	2	2	1
0	0	0	0	(0.9696588849360651+0j)
0	0	1	0	(-4.1425272027120475e-59+2.6766186878865566e-13j)
0	1	0	0	(1.6629547098253087e-19-2.676601258734339e-13j)
0	1	1	0	(0.9696588849353499-5.201068715953181e-19j)
-1	-1	-1	-1	-1
153	1	2	2	1
0	0	0	0	(-0.969658887549654+0j)
0	0	1	0	(-6.025182478447999e-60-1.5792827554521802e-13j)
0	1	0	0	(1.388786726535926e-19+1.5792783331299122e-13j)
0	1	1	0	(-0.9696588875491262-1.4851059328853707e-19j)
-1	-1	-1	-1	-1
154	1	2	2	1
0	0	0	0	(-0.9696588901481764+0j)
0	0	1	0	(-2.018853715687146e-58-1.6654031632872683e-13j)
0	1	0	0	(-2.1937841808814377e-20+1.6653998558363442e-13j)
0	1	1	0	(-0.9696588901476324+2.3781722191052005e-19j)
-1	-1	-1	-1	-1
155	1	2	2	1
0	0	0	0	(-0.9696588926245516+0j)
0	0	1	0	(-8.496084789149137e-59-2.119985242732052e-13j)
0	1	0	0	(-8.703685014394671e-20+2.119972421714256e-13j)
0	1	1	0	(-0.9696588926239661-1.2643908971151884e-19j)
-1	-1	-1	-1	-1
156	1	2	2	1
0	0	0	0	(-0.9696588948720336+0j)
0	0	1	0	-1.1508086212806343e-14j
0	1	0	0	(-7.638667716119239e-20+1.1513196038790728e-14j)
0	1	1	0	(-0.96965889487195-7.440112385455252e-20j)
-1	-1	-1	-1	-1
157	1	2	2	1
0	0	0	0	(-0.9696588968088468+0j)
0	0	1	0	(-6.510321061308199e-59-1.6790207810692305e-13j)
0	1	0	0	(5.257406945255392e-17+1.6789919173421985e-13j)
0	1	1	0	(-0.9696588968083403+1.2974805350073434e-16j)
-1	-1	-1	-1	-1
158	1	2	2	1
0	0	0	0	(-0.9696588984116721+0j)
0	0	1	0	(-1.789436910342582e-58-2.3432058984794585e-13j)
0	1	0	0	(-5.930711883084538e-16+2.3431458787270405e-13j)
0	1	1	0	(-0.9696588984110358+1.2635188556167296e-15j)
-1	-1	-1	-1	-1
159	1	2	2	1
0	0	0	0	(-0.9696588997508059+0j)
0	0	1	0	(1.8631503706285065e-58-2.4428325291881867e-13j)
0	1	0	0	(9.97163193721643e-20+2.4427972992619516e-13j)
0	1	1	0	(-0.9696588997501575+1.5618166279212545e-19j)
-1	-1	-1	-1	-1
160	1	2	2	1
0	0	0	0	(0.9696589009878852+0j)
0	0	1	0	(-9.102604228152924e-61+1.7708109608062597e-13j)
0	1	0	0	(-3.717876807369717e-20-1.7707928255702827e-13j)
0	1	1	0	(0.9696589009873294+1.1888239942100864e-19j)
-1	-1	-1	-1	-1
161	1	2	2	1
0	0	0	0	(0.9696589035539569+0j)
0	0	1	0	4.048095808029361e-14j
0	1	0	0	(-5.277978705669655e-29-4.048308124224973e-14j)
0	1	1	0	(0.9696589035536525-2.6313454414205413e-28j)
-1	-1	-1	-1	-1
162	1	2	2	1
0	0	0	0	(-0.9696589035540063+2.6637048088391414e-30j)
0	0	1	0	(-4.08584867371577e-23-1.000992949972052e-13j)
0	1	0	0	(1.0674390460880458e-19+1.0010149931678377e-13j)
0	1	1	0	(-0.9696589035536031-1.634076791141547e-19j)
-1	-1	-1	-1	-1
163	1	2	2	1
0	0	0	0	(-0.9696589044768973+1.038902731437825e-36j)
0	0	1	0	(-6.527810647916041e-50-1.4709141845267688e-13j)
0	1	0	0	(2.1815718333880993e-20+1.4709143615692938e-13j)
0	1	1	0	(-0.9696589044764583-7.430292328591222e-20j)
-1	-1	-1	-1	-1
164	1	2	2	1
0	0	0	0	(-0.9696589054275364+1.4453048632242687e-36j)
0	0	1	0	(-6.763777525772368e-50-1.0955306333241582e-13j)
0	1	0	0	(7.666733060980586e-21+1.0955371025346067e-13j)
0	1	1	0	(-0.96965890542713+5.2034984088016433e-20j)
-1	-1	-1	-1	-1
165	1	2	2	1
0	0	0	0	(-0.969658906405569-8.271190869530898e-37j)
0	0	1	0	(4.844932001883898e-50-1.3712426715490034e-13j)
0	1	0	0	(-2.2885633687050074e-19+1.3712516591824972e-13j)
0	1	1	0	(-0.9696589064051846+3.862597818941347e-19j)
-1	-1	-1	-1	-1
166	1	2	2	1
0	0	0	0	(-0.9696589074047025-4.258002402527898e-37j)
0	0	1	0	(2.678527722044129e-50-1.4726004202653804e-13j)
0	1	0	0	(-3.810706109605017e-20+1.472596174934659e-13j)
0	1	1	0	(-0.9696589074042506-3.720047706298379e-20j)
-1	-1	-1	-1	-1
167	1	2	2	1
0	0	0	0	(-0.9696589084106606+9.993062393894863e-36j)
0	0	1	0	(-4.281547895234978e-49-1.0029906505805902e-13j)
0	1	0	0	(7.036038919019603e-20+1.0029946699628791e-13j)
0	1	1	0	(-0.9696589084103038-3.343909579478246e-19j)
-1	-1	-1	-1	-1
168	1	2	2	1
0	0	0	0	(-0.9696589093991996-2.2538947113427952e-36j)
0	0	1	0	(1.2250390540732667e-49-1.272362870436527e-13j)
0	1	0	0	(-4.9626087095616526e-20+1.2723481144081613e-13j)
0	1	1	0	(-0.9696589093988212+9.657253216703091e-20j)
-1	-1	-1	-1	-1
169	1	2	2	1
0	0	0	0	(-0.9696589103322476-9.088232854206528e-37j)
0	0	1	0	(3.541493739782175e-50-9.12224454697861e-14j)
0	1	0	0	(2.3465545350621985e-20+9.122191491615876e-14j)
0	1	1	0	(-0.9696589103319087+1.0407809734469004e-19j)
-1	-1	-1	-1	-1
170	1	2	2	1
0	0	0	0	(-0.9696589111532418-4.5273781634246517e-45j)
0	0	1	0	(1.9031399599405623e-59-9.819928643641175e-15j)
0	1	0	0	(5.977017696578536e-29+9.822693217306115e-15j)
0	1	1	0	(-0.9696589111531648+2.9067188243500447e-29j)
-1	-1	-1	-1	-1
171	1	2	2	1
0	0	0	0	(0.9696589111533687+0j)
0	0	1	0	(2.286828359674963e-60+5.083200881156303e-14j)
0	1	0	0	(-6.856200344758877e-29-5.08335324686273e-14j)
0	1	1	0	(0.9696589111530374+1.713434254353485e-28j)
-1	-1	-1	-1	-1
172	1	2	2	1
0	0	0	0	(-0.9696589124071329+0j)
0	0	1	0	(-2.8333537049336066e-60-4.554430183325212e-14j)
0	1	0	0	(5.45065402103879e-29+4.554485183628874e-14j)
0	1	1	0	(-0.9696589124067604+2.202986901302838e-28j)
-1	-1	-1	-1	-1
173	1	2	2	1
0	0	0	0	(-0.9696589137247629+0j)
0	0	1	0	(-1.1802914165698873e-60-3.7673007666249877e-14j)
0	1	0	0	(5.893446140312714e-29+3.7674033347589733e-14j)
0	1	1	0	(-0.9696589137244824+4.2835856472433823e-29j)
-1	-1	-1	-1	-1
174	1	2	2	1
0	0	0	0	(-0.9696589150957524+0j)
0	0	1	0	(-4.8310059730601663e-60-4.92447443142307e-14j)
0	1	0	0	(6.698163990948673e-29+4.9245457831682063e-14j)
0	1	1	0	(-0.9696589150954099-7.955230498985007e-29j)
-1	-1	-1	-1	-1
175	1	2	2	1
0	0	0	0	(-0.9696589164963797+0j)
0	0	1	0	(-1.0887390310726905e-59-3.7398682328934015e-14j)
0	1	0	0	(6.412486754805629e-29+3.739983807855015e-14j)
0	1	1	0	(-0.9696589164961171-6.1194080849820196e-30j)
-1	-1	-1	-1	-1
176	1	2	2	1
0	0	0	0	(-0.9696589178896895+0j)
0	0	1	0	(-1.2427014232906553e-60-4.808531909573269e-14j)
0	1	0	0	(5.34467077049831e-29+4.8085144432610724e-14j)
0	1	1	0	(-0.9696589178893311-7.955230521906766e-29j)
-1	-1	-1	-1	-1
177	1	2	2	1
0	0	0	0	(-0.9696589192350564+0j)
0	0	1	0	(-5.587454204071252e-62-5.811501804404656e-14j)
0	1	0	0	(6.057212175238788e-29+5.811592480580199e-14j)
0	1	1	0	(-0.969658919234672-1.4686579445435351e-28j)
-1	-1	-1	-1	-1
178	1	2	2	1
0	0	0	0	(-0.9696589205097902+0j)
0	0	1	0	(-1.2250623933661956e-61-5.018694350276934e-14j)
0	1	0	0	(5.89091358080187e-29+5.0186493838143904e-14j)
0	1	1	0	(-0.9696589205094767+7.343289732371855e-29j)
-1	-1	-1	-1	-1
179	1	2	2	1
0	0	0	0	(-0.9696589217058295+0j)
0	0	1	0	(4.023948390342592e-60-1.5964536359514364e-14j)
0	1	0	0	(6.790225740251588e-29+1.596607488148733e-14j)
0	1	1	0	(-0.9696589217056851-3.3656744648224583e-29j)
-1	-1	-1	-1	-1
