0	1	2	2	1
0	0	0	0	(-0.12729616417920986-0.9612670386122892j)
0	1	1	0	(-0.1272961641792051-0.9612670386122352j)
-1	-1	-1	-1	-1
1	1	2	2	1
0	0	0	0	(-0.969659029214474+0j)
0	1	1	0	(-0.9696590292144452+4.614780425314923e-15j)
-1	-1	-1	-1	-1
2	1	2	2	1
0	0	0	0	(-0.9696590280701988+0j)
0	1	1	0	(-0.9696590280701473-2.914598166857644e-15j)
-1	-1	-1	-1	-1
3	1	2	2	1
0	0	0	0	(-0.9696590269309666+0j)
0	1	1	0	(-0.9696590269310122-4.6552609664682244e-15j)
-1	-1	-1	-1	-1
4	1	2	2	1
0	0	0	0	(-0.9696590257905007+0j)
0	1	1	0	(-0.9696590257904337-5.667274226384416e-16j)
-1	-1	-1	-1	-1
5	1	2	2	1
0	0	0	0	(-0.9696590246370924+0j)
0	1	1	0	(-0.9696590246370654+2.4693123439894986e-15j)
-1	-1	-1	-1	-1
6	1	2	2	1
0	0	0	0	(-0.9696590234536301+0j)
0	1	1	0	(-0.969659023453566+3.1170008303227757e-15j)
-1	-1	-1	-1	-1
7	1	2	2	1
0	0	0	0	(-0.9696590222159569+0j)
0	1	1	0	(-0.9696590222159082+9.715327269472502e-15j)
-1	-1	-1	-1	-1
8	1	2	2	1
0	0	0	0	(-0.9696590208911254+0j)
0	1	1	0	(-0.9696590208910622+5.545832651115692e-15j)
-1	-1	-1	-1	-1
9	1	2	2	1
0	0	0	0	(0.9696590194337952+0j)
0	1	1	0	(0.9696590194337682+3.2789229460215874e-15j)
-1	-1	-1	-1	-1
10	1	2	2	1
0	0	0	0	(-0.9696590194337584+9.534068994849991e-32j)
0	1	1	0	(-0.9696590194338055+5.383910526236851e-15j)
-1	-1	-1	-1	-1
11	1	2	2	1
0	0	0	0	(-0.9696590183218242+6.904245812660465e-31j)
0	1	1	0	(-0.9696590183217726-7.36745651933198e-15j)
-1	-1	-1	-1	-1
12	1	2	2	1
0	0	0	0	(-0.9696590171948238-9.20743753376751e-31j)
0	1	1	0	(-0.9696590171947856-3.967091976763595e-15j)
-1	-1	-1	-1	-1
13	1	2	2	1
0	0	0	0	(-0.9696590160558723+5.885300656372667e-31j)
0	1	1	0	(-0.9696590160558062+7.286495476247785e-16j)
-1	-1	-1	-1	-1
14	1	2	2	1
0	0	0	0	(-0.9696590149126112-5.827300906709341e-32j)
0	1	1	0	(-0.9696590149125831+8.90571670451103e-15j)
-1	-1	-1	-1	-1
15	1	2	2	1
0	0	0	0	(-0.969659013779462+6.734256473024875e-31j)
0	1	1	0	(-0.9696590137793717+2.185948648873237e-15j)
-1	-1	-1	-1	-1
16	1	2	2	1
0	0	0	0	(-0.969659012680184+4.062114767843305e-31j)
0	1	1	0	(-0.9696590126802527-2.1049875917840077e-15j)
-1	-1	-1	-1	-1
17	1	2	2	1
0	0	0	0	(-0.9696590116527392+8.86022797261252e-31j)
0	1	1	0	(-0.9696590116527121-1.4087224718132829e-14j)
-1	-1	-1	-1	-1
18	1	2	2	1
0	0	0	0	(-0.9696590107544831-3.2535227795193886e-31j)
0	1	1	0	(-0.9696590107544278+1.1264057280696785e-15j)
-1	-1	-1	-1	-1
19	1	2	2	1
0	0	0	0	(-0.9696590107545183+0j)
0	1	1	0	(-0.9696590107543928+1.125358766741577e-14j)
-1	-1	-1	-1	-1
20	1	2	2	1
0	0	0	0	(-0.9696590093880845+0j)
0	1	1	0	(-0.9696590093880234-2.1049876157227295e-15j)
-1	-1	-1	-1	-1
21	1	2	2	1
0	0	0	0	(-0.9696590079636709+0j)
0	1	1	0	(-0.9696590079635421+1.6192212431763111e-16j)
-1	-1	-1	-1	-1
22	1	2	2	1
0	0	0	0	(-0.9696590064804969+0j)
0	1	1	0	(-0.969659006480425+5.019585858631502e-15j)
-1	-1	-1	-1	-1
23	1	2	2	1
0	0	0	0	(-0.9696590049470459+0j)
0	1	1	0	(-0.9696590049468568-2.752676118588487e-15j)
-1	-1	-1	-1	-1
24	1	2	2	1
0	0	0	0	(-0.9696590033806928+0j)
0	1	1	0	(-0.9696590033804803+8.986677924526703e-15j)
-1	-1	-1	-1	-1
25	1	2	2	1
0	0	0	0	(-0.9696590017918697+0j)
0	1	1	0	(-0.9696590017918928+3.238442497844504e-16j)
-1	-1	-1	-1	-1
26	1	2	2	1
0	0	0	0	(-0.9696590001486681+0j)
0	1	1	0	(-0.969659000148517-4.371897374365866e-15j)
-1	-1	-1	-1	-1
27	1	2	2	1
0	0	0	0	(0.9696589983358691+0j)
0	1	1	0	(0.9696589983358982-2.4811369097810157e-14j)
-1	-1	-1	-1	-1
28	1	2	2	1
0	0	0	0	(0.9696589939468744+0j)
0	1	1	0	(0.9696589939468093-8.905716842435201e-16j)
-1	-1	-1	-1	-1
29	1	2	2	1
0	0	0	0	(-0.9696589939469058-2.0989065399372604e-30j)
0	1	1	0	(-0.9696589939467777-4.290936296798419e-15j)
-1	-1	-1	-1	-1
30	1	2	2	1
0	0	0	0	(-0.9696589922206349+7.547916166423289e-31j)
0	1	1	0	(-0.9696589922205393-4.371897365392765e-15j)
-1	-1	-1	-1	-1
31	1	2	2	1
0	0	0	0	(-0.9696589903889576-3.483014946459269e-31j)
0	1	1	0	(-0.969658990388707+1.3763380625302086e-15j)
-1	-1	-1	-1	-1
32	1	2	2	1
0	0	0	0	(-0.9696589884564539-9.329713387719079e-32j)
0	1	1	0	(-0.9696589884563135-1.38443417263042e-14j)
-1	-1	-1	-1	-1
33	1	2	2	1
0	0	0	0	(-0.9696589864408522+1.159721310406195e-31j)
0	0	1	0	(3.412517954555416e-126+6.88836290748243e-95j)
0	1	0	0	(1.9432869520909874e-115+1.1792422885909505e-100j)
0	1	1	0	(-0.9696589864407221+4.0480531496625405e-15j)
-1	-1	-1	-1	-1
34	1	2	2	1
0	0	0	0	(-0.9696589843766439+6.6480119273953486e-31j)
0	1	1	0	(-0.9696589843765537+5.991118684933888e-15j)
-1	-1	-1	-1	-1
35	1	2	2	1
0	0	0	0	(-0.9696589823208269+7.204104209315211e-31j)
0	1	1	0	(-0.9696589823207541-4.533819567812849e-15j)
-1	-1	-1	-1	-1
36	1	2	2	1
0	0	0	0	(-0.9696589803601304-1.2426538855516364e-30j)
0	1	1	0	(-0.9696589803600644-8.743794958908725e-15j)
-1	-1	-1	-1	-1
37	1	2	2	1
0	0	0	0	(-0.9696589786215597-2.8225924066893056e-31j)
0	1	1	0	(-0.9696589786214732+7.915284297629147e-16j)
-1	-1	-1	-1	-1
38	1	2	2	1
0	0	0	0	(0.9696589786216225+0j)
0	0	1	0	-6.675305010518445e-237j
0	1	0	0	(-6.203312251293661e-226-5.741551352933674e-240j)
0	1	1	0	(0.9696589786214105+1.1496471381287105e-14j)
-1	-1	-1	-1	-1
39	1	2	2	1
0	0	0	0	(-0.9696589759542535+0j)
0	0	1	0	-2.0767952475079583e-244j
0	1	0	0	(5.2726886106562234e-225-7.261687147322724e-239j)
0	1	1	0	(-0.9696589759540634+1.3439536901612514e-14j)
-1	-1	-1	-1	-1
40	1	2	2	1
0	0	0	0	(-0.9696589731154818+0j)
0	0	1	0	-1.1585616871247911e-240j
0	1	0	0	(2.714237069651122e-224+3.4996082572194547e-239j)
0	1	1	0	(-0.9696589731153596-3.643247955342088e-15j)
-1	-1	-1	-1	-1
41	1	2	2	1
0	0	0	0	(-0.9696589701364877+0j)
0	0	1	0	-8.106429711607433e-111j
0	1	0	0	(3.128709641608957e-111-1.21788514168784e-111j)
0	1	1	0	(-0.9696589701362961-3.886131157612456e-15j)
-1	-1	-1	-1	-1
42	1	2	2	1
0	0	0	0	(-0.9696589670792019+0j)
0	0	1	0	5.071993786946412e-20j
0	1	0	0	(-7.242439108275241e-20-2.0517788180690072e-19j)
0	1	1	0	(-0.9696589670791146+1.246800414676991e-14j)
-1	-1	-1	-1	-1
43	1	2	2	1
0	0	0	0	(-0.9696589640306651+0j)
0	0	1	0	-4.8343099675861726e-88j
0	1	0	0	(-3.743914864401297e-89+5.468678338725539e-89j)
0	1	1	0	(-0.9696589640305167-1.4492030814286947e-14j)
-1	-1	-1	-1	-1
44	1	2	2	1
0	0	0	0	(-0.9696589610571978+0j)
0	0	1	0	-8.78392584325873e-96j
0	1	0	0	(3.9328428210634333e-116+1.4223130762212524e-101j)
0	1	1	0	(-0.9696589610571114-8.419950877260685e-15j)
-1	-1	-1	-1	-1
45	1	2	2	1
0	0	0	0	(-0.9696589581215788+0j)
0	0	1	0	1.8660581541007203e-95j
0	1	0	0	(3.979111550771994e-115+6.314093436298391e-101j)
0	1	1	0	(-0.969658958121449+6.638807434237615e-15j)
-1	-1	-1	-1	-1
46	1	2	2	1
0	0	0	0	(0.9696589550109536+0j)
0	0	1	0	-6.237150165064814e-95j
0	1	0	0	(-1.3104147631951318e-114-1.2281179531557514e-100j)
0	1	1	0	(0.9696589550108657-4.444736458902496e-15j)
-1	-1	-1	-1	-1
47	1	2	2	1
0	0	0	0	(0.969658947768545+0j)
0	0	1	0	-1.7727973132224526e-95j
0	1	0	0	(-9.832107038512127e-117+7.721117794904954e-103j)
0	1	1	0	(0.9696589477683923+3.0765205186022565e-15j)
-1	-1	-1	-1	-1
48	1	2	2	1
0	0	0	0	(-0.9696589477685249-6.57189017178693e-31j)
0	0	1	0	(-1.1317961832827658e-118-1.4193068728802985e-95j)
0	1	0	0	(1.0063450769570285e-115+1.2532961424258718e-101j)
0	1	1	0	(-0.969658947768413+8.177067730266741e-15j)
-1	-1	-1	-1	-1
49	1	2	2	1
0	0	0	0	(-0.9696589450385692-6.188043580735867e-31j)
0	0	1	0	(-2.7536412540290175e-125+1.041714452014675e-94j)
0	1	0	0	(-2.220899571808789e-115+3.352317030689548e-100j)
0	1	1	0	(-0.9696589450384205+1.1415510447117422e-14j)
-1	-1	-1	-1	-1
50	1	2	2	1
0	0	0	0	(-0.9696589422118185-5.68275979744121e-31j)
0	0	1	0	(4.392000297175268e-126-1.809246552084466e-95j)
0	1	0	0	(6.708967267295584e-115+5.190154505156937e-101j)
0	1	1	0	(-0.9696589422116143+9.71532811346867e-16j)
-1	-1	-1	-1	-1
51	1	2	2	1
0	0	0	0	(-0.9696589393136384-2.07783416780989e-31j)
0	0	1	0	(2.5836904330951323e-15-7.772999966614187e-17j)
0	1	0	0	(-1.6825011243838432e-16-1.7087132241313918e-16j)
0	1	1	0	(-0.9696589393106628-8.549917739140302e-15j)
-1	-1	-1	-1	-1
52	1	2	2	1
0	0	0	0	(-0.9696589363819069-9.830375958830546e-31j)
0	0	1	0	(-7.787728872098146e-51+1.854536499966544e-20j)
0	1	0	0	(-6.511159534441398e-17-4.0675375660221853e-17j)
0	1	1	0	(-0.9696589363817802-1.1338465743295502e-15j)
-1	-1	-1	-1	-1
53	1	2	2	1
0	0	0	0	(-0.9696589334830078+8.78204393740891e-31j)
0	0	1	0	(2.9005340550326556e-64+7.731736622280977e-34j)
0	1	0	0	(-1.0230003152905054e-53+3.0202096200153406e-39j)
0	1	1	0	(-0.9696589334829796-1.0943398471375996e-15j)
-1	-1	-1	-1	-1
54	1	2	2	1
0	0	0	0	(-0.969658930699998-8.269995680845473e-31j)
0	0	1	0	(-1.1550455982504698e-69+3.269554144264466e-39j)
0	1	0	0	(7.12152934105357e-59+1.2771695884270865e-44j)
0	1	1	0	(-0.9696589306999084-4.557712218501608e-15j)
-1	-1	-1	-1	-1
55	1	2	2	1
0	0	0	0	(-0.9696589281424806+7.357295098294693e-31j)
0	0	1	0	(4.1743659520653966e-64+1.328210868352162e-33j)
0	1	0	0	(9.37557388072984e-49+5.1883237077586975e-39j)
0	1	1	0	(-0.9696589281424256+1.186134457117602e-14j)
-1	-1	-1	-1	-1
56	1	2	2	1
0	0	0	0	(-0.9696589259523978-3.7539210381753865e-31j)
0	0	1	0	(-1.2572498690041745e-64+7.840272378781501e-34j)
0	1	0	0	(-2.6224442649899847e-54+1.5313031999783847e-39j)
0	1	1	0	(-0.9696589259523332-3.700790825179428e-15j)
-1	-1	-1	-1	-1
57	1	2	2	1
0	0	0	0	(0.9696589259523982+0j)
0	0	1	0	-1.5751624993824866e-33j
0	1	0	0	(-9.769105097992502e-54-6.161727748895946e-39j)
0	1	1	0	(0.9696589259523328+1.6094977580018438e-14j)
-1	-1	-1	-1	-1
58	1	2	2	1
0	0	0	0	(-0.9696589226833303+0j)
0	0	1	0	-3.223210304871002e-34j
0	1	0	0	(1.7580101667688968e-49-1.258931951492685e-39j)
0	1	1	0	(-0.9696589226832646-2.5946307754324993e-15j)
-1	-1	-1	-1	-1
59	1	2	2	1
0	0	0	0	(-0.9696589195122064+0j)
0	0	1	0	-8.858074415274367e-34j
0	1	0	0	(-3.753092480003776e-48-3.459448011489973e-39j)
0	1	1	0	(-0.9696589195121595-2.8286026854215344e-14j)
-1	-1	-1	-1	-1
60	1	2	2	1
0	0	0	0	(-7.279624712174743e-18+0j)
0	0	1	0	(-0.2796585467889057-0.9284554441527625j)
0	1	0	0	(-0.27965854678899305-0.9284554441528001j)
0	1	1	0	(-4.12912311025908e-15+3.2436980012683327e-16j)
-1	-1	-1	-1	-1
61	1	2	2	1
0	0	0	0	(-1.2183513505599354e-15+0j)
0	0	1	0	(0.620196507500159-0.7453822523048931j)
0	1	0	0	(0.6201965075001825-0.7453822523049384j)
0	1	1	0	(4.252407714874688e-17-5.0993014394068565e-17j)
-1	-1	-1	-1	-1
62	1	2	2	1
0	0	0	0	(-0.9696589127009699+0j)
0	0	1	0	-1.3905736340933004e-48j
0	1	0	0	(3.5038423844477555e-55-1.9321758555333012e-41j)
0	1	1	0	(-0.9696589127008809+1.0934578621041918e-15j)
-1	-1	-1	-1	-1
63	1	2	2	1
0	0	0	0	(-0.9696589122691631+0j)
0	0	1	0	1.4465779731211667e-63j
0	1	0	0	(5.782545917900084e-73+4.72332128388284e-69j)
0	1	1	0	(-0.9696589122692559+6.598218624437788e-15j)
-1	-1	-1	-1	-1
64	1	2	2	1
0	0	0	0	(-0.9696589130448434+0j)
0	0	1	0	1.2660462955873333e-63j
0	1	0	0	(2.9272938270450183e-73+3.850587081476272e-69j)
0	1	1	0	(-0.9696589130448164-1.4470389064104604e-14j)
-1	-1	-1	-1	-1
65	1	2	2	1
0	0	0	0	(-0.9696589149017112+0j)
0	0	1	0	1.0174980303431542e-63j
0	1	0	0	(5.5546557481663156e-73+3.913799495420929e-69j)
0	1	1	0	(-0.9696589149017203+2.361705447731819e-14j)
-1	-1	-1	-1	-1
66	1	2	2	1
0	0	0	0	(0.9696589201789148+0j)
0	0	1	0	6.537272030955988e-64j
0	1	0	0	(-1.9648619942140523e-85+2.3959099586096916e-70j)
0	1	1	0	(0.9696589201788448-6.072080189782592e-15j)
-1	-1	-1	-1	-1
67	1	2	2	1
0	0	0	0	(-0.9696589201789024+9.513564550457549e-19j)
0	0	1	0	(-1.9299360662304234e-80-1.9646028155737543e-63j)
0	1	0	0	(3.205347672082349e-84-2.9327398050766545e-69j)
0	1	1	0	(-0.9696589201788577-1.0389763842212007e-14j)
-1	-1	-1	-1	-1
68	1	2	2	1
0	0	0	0	(-0.9696589219148168+6.560453010370696e-31j)
0	0	1	0	(-5.216876029054911e-94-1.861535704516036e-63j)
0	1	0	0	(1.183609397918861e-83-1.8403100295116665e-69j)
0	1	1	0	(-0.9696589219148489-1.0823482880156549e-14j)
-1	-1	-1	-1	-1
69	1	2	2	1
0	0	0	0	(-0.9696589235549955+5.059038662855301e-31j)
0	0	1	0	(-1.1242966924067387e-94-5.2024464477798804e-64j)
0	1	0	0	(4.903357062347644e-84+7.42501531917083e-70j)
0	1	1	0	(-0.9696589235551231+2.4389521928194626e-14j)
-1	-1	-1	-1	-1
70	1	2	2	1
0	0	0	0	(-0.9696589250933715+2.0931796056720473e-32j)
0	0	1	0	(5.521383837724744e-96+6.174988164680861e-64j)
0	1	0	0	(7.756627602061727e-75+6.52925702684129e-70j)
0	1	1	0	(-0.9696589250933036+2.8386974653294924e-15j)
-1	-1	-1	-1	-1
71	1	2	2	1
0	0	0	0	(-1.5224541680312353e-16+1.6891828005328065e-17j)
0	0	1	0	(-0.668045034298021-0.7028188002167093j)
0	1	0	0	(-0.6680450342979819-0.7028188002167353j)
0	1	1	0	(9.09567958235741e-24+5.750048195479808e-24j)
-1	-1	-1	-1	-1
72	1	2	2	1
0	0	0	0	(-0.9696589278404295+2.16720844109062e-31j)
0	0	1	0	(-3.912039707165391e-95-4.2256863293067303e-64j)
0	1	0	0	(5.653641713704148e-84-1.6494281210411955e-69j)
0	1	1	0	(-0.9696589278403428+9.414008483010888e-15j)
-1	-1	-1	-1	-1
73	1	2	2	1
0	0	0	0	(-0.9696589290290242-4.440883399433328e-31j)
0	0	1	0	(1.466188287780162e-94-7.728853259783914e-64j)
0	1	0	0	(-2.7027116109602252e-83-3.2950183745676093e-69j)
0	1	1	0	(-0.9696589290289707+1.1334549480901118e-14j)
-1	-1	-1	-1	-1
74	1	2	2	1
0	0	0	0	(-0.9696589300697299+1.3993833609223645e-31j)
0	0	1	0	(-8.602757424021133e-95-1.4391155243613225e-63j)
0	1	0	0	(-1.285664899329647e-83-2.7236604209199854e-69j)
0	1	1	0	(-0.9696589300696633+2.955078970768385e-15j)
-1	-1	-1	-1	-1
75	1	2	2	1
0	0	0	0	(-0.9696589309299023-3.2230944321821394e-32j)
0	0	1	0	(2.885620778874383e-96-2.0958534595968925e-64j)
0	1	0	0	(-3.9851847201325234e-85+2.1721251125977045e-71j)
0	1	1	0	(-0.9696589309298328-1.9635996389704374e-15j)
-1	-1	-1	-1	-1
76	1	2	2	1
0	0	0	0	(0.9696589309299228+0j)
0	0	1	0	6.866934476317355e-64j
0	1	0	0	(8.748354148435525e-74+1.2630464186627513e-69j)
0	1	1	0	(0.9696589309298126+8.6096897806296965e-16j)
-1	-1	-1	-1	-1
77	1	2	2	1
0	0	0	0	(-0.9696589321860128+0j)
0	0	1	0	-8.086107759795574e-64j
0	1	0	0	(3.374912055791656e-73-8.033884831359944e-70j)
0	1	1	0	(-0.969658932185866+3.0717742339170528e-15j)
-1	-1	-1	-1	-1
78	1	2	2	1
0	0	0	0	(-0.9696589333365396+0j)
0	0	1	0	-4.1079936612056136e-64j
0	1	0	0	(-8.749314265784399e-59+1.4898284903632624e-71j)
0	1	1	0	(-0.9696589333363891+4.171721918006022e-15j)
-1	-1	-1	-1	-1
79	1	2	2	1
0	0	0	0	(0.9696589343701233+0j)
0	0	1	0	5.4306590003715135e-64j
0	1	0	0	(-4.762762129886161e-73-6.575452302162654e-70j)
0	1	1	0	(0.9696589343700165+7.929363456187194e-15j)
-1	-1	-1	-1	-1
80	1	2	2	1
0	0	0	0	(0.9696589352687512+0j)
0	0	1	0	-2.1618702934075163e-98j
0	1	0	0	(-1.8093880639561955e-98-1.670108313683084e-98j)
0	1	1	0	(0.9696589352686872+3.1123672527759923e-15j)
-1	-1	-1	-1	-1
81	1	2	2	1
0	0	0	0	(-0.9696589360122708+0j)
0	0	1	0	-4.159342625868229e-49j
0	1	0	0	(5.239437918232417e-69+6.412140811525231e-55j)
0	1	1	0	(-0.9696589360120819+3.342011799940019e-15j)
-1	-1	-1	-1	-1
82	1	2	2	1
0	0	0	0	(-0.969658936591106+0j)
0	0	1	0	-1.220163259828985e-63j
0	1	0	0	(-2.5900986213438267e-83-2.0394769030615196e-69j)
0	1	1	0	(-0.9696589365909988+2.5907541618777923e-14j)
-1	-1	-1	-1	-1
83	1	2	2	1
0	0	0	0	(-0.9696589370231241+0j)
0	0	1	0	-1.436798257250982e-66j
0	1	0	0	(5.7244933361086415e-84+4.9224275806672354e-70j)
0	1	1	0	(-0.9696589370229816+1.1172627323302375e-14j)
-1	-1	-1	-1	-1
84	1	2	2	1
0	0	0	0	(-0.9696589373538733+0j)
0	0	1	0	4.2117406848747715e-64j
0	1	0	0	(-2.0588901521693724e-84+1.521357567005818e-70j)
0	1	1	0	(-0.9696589373537429+1.9011906707928756e-14j)
-1	-1	-1	-1	-1
85	1	2	2	1
0	0	0	0	(0.9696589377872614+0j)
0	0	1	0	6.141386000702636e-64j
0	1	0	0	(-7.50753225947134e-85+8.147034261561555e-70j)
0	1	1	0	(0.9696589377871724-2.2669098963533153e-15j)
-1	-1	-1	-1	-1
86	1	2	2	1
0	0	0	0	(-0.9696589377872408-7.329173873608572e-29j)
0	0	1	0	(-1.1100572681268234e-79-6.335491902744273e-64j)
0	1	0	0	(-4.23589680897494e-84-9.778269527684451e-70j)
0	1	1	0	(-0.9696589377871918+8.158832511371164e-15j)
-1	-1	-1	-1	-1
87	1	2	2	1
0	0	0	0	(-0.9696589378479391+2.8585326761304026e-31j)
0	0	1	0	(6.388110260602378e-96+5.231472332315045e-65j)
0	1	0	0	(2.9091687499987675e-84-5.7332795076802045e-70j)
0	1	1	0	(-0.9696589378479035+9.472444922268742e-15j)
-1	-1	-1	-1	-1
88	1	2	2	1
0	0	0	0	(-0.969658937866529+2.157012380164044e-31j)
0	0	1	0	(6.460778977140665e-95+7.011758290017742e-64j)
0	1	0	0	(-4.879895968071369e-84+2.2947068192666005e-69j)
0	1	1	0	(-0.9696589378663389-3.238442708687941e-16j)
-1	-1	-1	-1	-1
89	1	2	2	1
0	0	0	0	(-0.9696589378411898+5.236962348374166e-32j)
0	0	1	0	(8.642141804050687e-96+3.863106017241579e-64j)
0	1	0	0	(-1.876883064861466e-85+3.406355227019405e-70j)
0	1	1	0	(-0.9696589378410603+3.886131250878209e-15j)
-1	-1	-1	-1	-1
90	1	2	2	1
0	0	0	0	-9.372680217998989e-18j
0	0	1	0	(0.8601962304845631-0.44754988622612696j)
0	1	0	0	(0.8601962304846145-0.44754988622611797j)
0	1	1	0	(-6.368128614478516e-23+5.587290085601212e-23j)
-1	-1	-1	-1	-1
91	1	2	2	1
0	0	0	0	(-0.9696589376614025+3.9433489564180638e-31j)
0	0	1	0	(1.9359297354597095e-96+1.1492620610496438e-65j)
0	1	0	0	(4.8644064677992903e-85+5.884870336381568e-70j)
0	1	1	0	(-0.969658937661272+6.96187816232268e-15j)
-1	-1	-1	-1	-1
92	1	2	2	1
0	0	0	0	(-0.969658937516293+8.387202170241943e-32j)
0	0	1	0	(2.078869779236854e-95+5.8023625896418e-64j)
0	1	0	0	(-1.3138181558000985e-84+1.1308168759122749e-69j)
0	1	1	0	(-0.9696589375161672+6.800729649410396e-15j)
-1	-1	-1	-1	-1
93	1	2	2	1
0	0	0	0	(-0.9696589373491866-4.08706296240935e-31j)
0	0	1	0	(-1.2962696397142216e-94+7.424696595894914e-64j)
0	1	0	0	(-3.5660778412754347e-84+2.0459641831603998e-69j)
0	1	1	0	(-0.9696589373491168+1.214416012334853e-14j)
-1	-1	-1	-1	-1
94	1	2	2	1
0	0	0	0	(-0.9696589371803859-1.8115317430560147e-31j)
0	0	1	0	(-4.467086139463219e-96+5.772621314554336e-65j)
0	1	0	0	(8.094618040393559e-85+4.7717754351266247e-70j)
0	1	1	0	(-0.9696589371803171+7.306417161994705e-16j)
-1	-1	-1	-1	-1
95	1	2	2	1
0	0	0	0	(0.9696589371803859+0j)
0	0	1	0	-7.26627778748675e-64j
0	1	0	0	(7.28539117692706e-74-7.838274825187592e-70j)
0	1	1	0	(0.969658937180317+5.735784578858075e-15j)
-1	-1	-1	-1	-1
96	1	2	2	1
0	0	0	0	(-0.9696589368993753+0j)
0	0	1	0	7.610656121622198e-64j
0	1	0	0	(1.791544889541385e-73+2.1712600249784563e-69j)
0	1	1	0	(-0.9696589368991309+8.31633229957148e-15j)
-1	-1	-1	-1	-1
97	1	2	2	1
0	0	0	0	(0.9696589365318984+0j)
0	0	1	0	-2.866401687981211e-64j
0	1	0	0	(-1.704366146020867e-73-1.1586673088526936e-69j)
0	1	1	0	(0.9696589365317494+6.6983879566180736e-15j)
-1	-1	-1	-1	-1
98	1	2	2	1
0	0	0	0	(-0.9696589360720753+0j)
0	0	1	0	6.686917735446256e-64j
0	1	0	0	(-1.006355774078588e-59+3.732359328363828e-70j)
0	1	1	0	(-0.9696589360720455+2.5854383045283984e-15j)
-1	-1	-1	-1	-1
99	1	2	2	1
0	0	0	0	(0.9696589355210613+0j)
0	0	1	0	6.533443746298293e-162j
0	1	0	0	(-1.8326299109849095e-161-1.3821939510595615e-162j)
0	1	1	0	(0.9696589355209728-9.912098957078346e-16j)
-1	-1	-1	-1	-1
100	1	2	2	1
0	0	0	0	(-0.9696589348886737+0j)
0	0	1	0	-2.981446391846627e-49j
0	1	0	0	(2.6454344123104703e-69+3.032977932720275e-55j)
0	1	1	0	(-0.9696589348885225-9.880303772329133e-16j)
-1	-1	-1	-1	-1
101	1	2	2	1
0	0	0	0	(-0.9696589341863049+0j)
0	0	1	0	-2.0908722321232872e-64j
0	1	0	0	(4.989136457437443e-85-6.010978687660101e-71j)
0	1	1	0	(-0.9696589341862323+8.338990008005606e-15j)
-1	-1	-1	-1	-1
102	1	2	2	1
0	0	0	0	(-0.9696589334076883+0j)
0	0	1	0	3.4307124028865244e-64j
0	1	0	0	(5.636514474665163e-84+6.120621336513795e-70j)
0	1	1	0	(-0.9696589334075004+1.9840521755602266e-14j)
-1	-1	-1	-1	-1
103	1	2	2	1
0	0	0	0	(0.969658932502578+0j)
0	0	1	0	-3.8217163859748364e-64j
0	1	0	0	(-4.035883815857059e-85-7.083686635999061e-70j)
0	1	1	0	(0.9696589325024996-1.2055588259125908e-14j)
-1	-1	-1	-1	-1
104	1	2	2	1
0	0	0	0	(0.9696589301687794+0j)
0	0	1	0	2.9587608586314867e-65j
0	1	0	0	(6.818364312661215e-85-1.8008939267952804e-70j)
0	1	1	0	(0.9696589301686767+1.381398228943774e-15j)
-1	-1	-1	-1	-1
105	1	2	2	1
0	0	0	0	(-0.969658930168791-9.51356425309104e-19j)
0	0	1	0	(-1.3365806373769993e-81+4.435853479793073e-64j)
0	1	0	0	(8.075732207551034e-84+1.7337738334086115e-69j)
0	1	1	0	(-0.969658930168665+1.4012528788771195e-14j)
-1	-1	-1	-1	-1
106	1	2	2	1
0	0	0	0	(-0.9696589292034947+2.295820695700386e-31j)
0	0	1	0	(-2.5480324359562784e-96-2.5981347525870656e-65j)
0	1	0	0	(3.818284026493597e-84-7.601087842137687e-70j)
0	1	1	0	(-0.9696589292033683+1.851984444334698e-15j)
-1	-1	-1	-1	-1
107	1	2	2	1
0	0	0	0	(-0.9696589281593915+6.772585791137139e-31j)
0	0	1	0	(8.75588783480184e-96+3.026497784333704e-65j)
0	1	0	0	(-3.9179934452518583e-84+1.9423802199122542e-70j)
0	1	1	0	(-0.969658928159211-1.7811435115130556e-14j)
-1	-1	-1	-1	-1
108	1	2	2	1
0	0	0	0	(-0.9696589270385647+8.174041198286807e-32j)
0	0	1	0	(8.606146171676362e-96+2.4647142797605154e-64j)
0	1	0	0	(-9.677678432874622e-86+5.3361801835861584e-70j)
0	1	1	0	(-0.9696589270384344+3.7242091653300475e-15j)
-1	-1	-1	-1	-1
109	1	2	2	1
0	0	0	0	9.946222818882325e-18j
0	0	1	0	(-0.7984558613056858-0.5501878497653185j)
0	1	0	0	(-0.798455861305707-0.5501878497653305j)
0	1	1	0	(-2.7455819925507416e-23-5.958468244771897e-23j)
-1	-1	-1	-1	-1
110	1	2	2	1
0	0	0	0	(-0.9696589246183657-3.2647887100431424e-33j)
0	0	1	0	(1.28067556467544e-96-9.182876163901626e-64j)
0	1	0	0	(7.474216560277009e-84-1.3662664483518406e-69j)
0	1	1	0	(-0.9696589246182424-3.201739134074319e-15j)
-1	-1	-1	-1	-1
111	1	2	2	1
0	0	0	0	(-0.9696589233756544-1.992927453343589e-31j)
0	0	1	0	(1.364194129787064e-95-1.6024311193786196e-64j)
0	1	0	0	(3.122655084664427e-84-7.011375657293213e-70j)
0	1	1	0	(-0.9696589233755845+8.577603834952329e-15j)
-1	-1	-1	-1	-1
112	1	2	2	1
0	0	0	0	(-0.9696589221783467+1.066014124926161e-30j)
0	0	1	0	(-5.950867604472853e-95-1.3068086851395034e-64j)
0	1	0	0	(-4.317106035411396e-84-7.705023439481819e-70j)
0	1	1	0	(-0.9696589221782745+3.020571307583255e-14j)
-1	-1	-1	-1	-1
113	1	2	2	1
0	0	0	0	(-0.9696589211079945-1.3424849823950587e-31j)
0	0	1	0	(2.4897143966113922e-95-4.341449735092416e-64j)
0	1	0	0	(-2.1982208586071163e-85-2.6518602715220654e-70j)
0	1	1	0	(-0.9696589211078794+1.2811947073800134e-15j)
-1	-1	-1	-1	-1
114	1	2	2	1
0	0	0	0	(-0.969658921107961+0j)
0	0	1	0	-7.360576528417804e-64j
0	1	0	0	(3.415279702512317e-73-1.584500885563356e-69j)
0	1	1	0	(-0.9696589211079126-6.204640095696096e-15j)
-1	-1	-1	-1	-1
115	1	2	2	1
0	0	0	0	(-0.9696589194565245+0j)
0	0	1	0	-1.4799373480620723e-65j
0	1	0	0	(3.826463140659388e-58+3.254330285220309e-70j)
0	1	1	0	(-0.9696589194563848+2.7392314916689475e-15j)
-1	-1	-1	-1	-1
116	1	2	2	1
0	0	0	0	(-0.96965891767031+0j)
0	0	1	0	-1.506908591374053e-64j
0	1	0	0	(8.76493488297788e-74+1.8954080626995358e-70j)
0	1	1	0	(-0.9696589176701571+3.914857430416576e-15j)
-1	-1	-1	-1	-1
117	1	2	2	1
0	0	0	0	(0.9696589157648535+0j)
0	0	1	0	-4.669920421966542e-64j
0	1	0	0	(9.65049399712172e-74-1.129938774530116e-69j)
0	1	1	0	(0.9696589157647862+1.2703270133671719e-14j)
-1	-1	-1	-1	-1
118	1	2	2	1
0	0	0	0	(-0.9696589137765673+0j)
0	0	1	0	1.9308205131965204e-112j
0	1	0	0	(-3.018529221398227e-112+9.882280714997795e-113j)
0	1	1	0	(-0.9696589137765144+2.1754123902782237e-15j)
-1	-1	-1	-1	-1
119	1	2	2	1
0	0	0	0	(0.9696589117596656+0j)
0	0	1	0	-1.5997691656400682e-27j
0	1	0	0	(-4.608424134802145e-42-5.624517328718408e-33j)
0	1	1	0	(0.9696589117595162+1.3496740266285187e-14j)
-1	-1	-1	-1	-1
120	1	2	2	1
0	0	0	0	(-0.9696589097568308+0j)
0	0	1	0	-9.005863038667302e-64j
0	1	0	0	(5.6234115259024e-77-1.7300722433023692e-69j)
0	1	1	0	(-0.9696589097567694+2.8456551215923405e-15j)
-1	-1	-1	-1	-1
121	1	2	2	1
0	0	0	0	(-0.9696589077432376+0j)
0	0	1	0	6.790853892346092e-64j
0	1	0	0	(7.742876072594211e-84+8.982004113939086e-70j)
0	1	1	0	(-0.9696589077431532+2.560393855260657e-15j)
-1	-1	-1	-1	-1
122	1	2	2	1
0	0	0	0	(-0.9696589055734638+0j)
0	0	1	0	1.2728092810676497e-64j
0	1	0	0	(-6.807962258439906e-84+1.0139588425529805e-69j)
0	1	1	0	(-0.9696589055733679-1.458249552275129e-14j)
-1	-1	-1	-1	-1
123	1	2	2	1
0	0	0	0	(0.9696589003971609+0j)
0	0	1	0	-1.9245989378447445e-64j
0	1	0	0	(1.8622199877308377e-85-2.598339270672622e-70j)
0	1	1	0	(0.9696589003970921-1.3168824180244672e-15j)
-1	-1	-1	-1	-1
124	1	2	2	1
0	0	0	0	(-0.9696589003971744-2.378391281800213e-19j)
0	0	1	0	(3.157061177944562e-82-2.6209628038893462e-64j)
0	1	0	0	(5.964679759746542e-85+1.903607045449652e-70j)
0	1	1	0	(-0.9696589003970786+2.4937432596089218e-15j)
-1	-1	-1	-1	-1
125	1	2	2	1
0	0	0	0	(-0.9696588983853982-1.5062585733889017e-30j)
0	0	1	0	(-3.394018121155584e-94+5.274840080429846e-64j)
0	1	0	0	(-8.54861621735826e-85+1.1059602984493462e-69j)
0	1	1	0	(-0.9696588983853082-2.4450876056879837e-14j)
-1	-1	-1	-1	-1
126	1	2	2	1
0	0	0	0	(-0.9696588962669708+4.338944719026208e-32j)
0	0	1	0	(2.561918214746032e-95+1.3822156824939287e-63j)
0	1	0	0	(-1.756938589411625e-83+2.389332451555748e-69j)
0	1	1	0	(-0.9696588962668862+6.375684384355233e-16j)
-1	-1	-1	-1	-1
127	1	2	2	1
0	0	0	0	(-0.9696588940530558+9.913021622318922e-33j)
0	0	1	0	(2.119998292494855e-96+5.006383659815368e-64j)
0	1	0	0	(-2.596843807014731e-84+1.2289855277666389e-70j)
0	1	1	0	(-0.9696588940529711+3.667283546842577e-15j)
-1	-1	-1	-1	-1
128	1	2	2	1
0	0	0	0	(-6.089816453851778e-16-2.1317705334145955e-18j)
0	0	1	0	(-0.39103376423325303+0.8873167200144693j)
0	1	0	0	(-0.3910337642332354+0.8873167200144475j)
0	1	1	0	(-1.2314769669054295e-22-1.1105327253580585e-22j)
-1	-1	-1	-1	-1
129	1	2	2	1
0	0	0	0	(-0.9696588894605694+1.0443208965636679e-31j)
0	0	1	0	(-2.0968949179519607e-74-4.700427598237849e-43j)
0	1	0	0	(6.824195489111972e-40+1.873564647852026e-41j)
0	1	1	0	(-0.9696588894604641-1.1198574888786565e-14j)
-1	-1	-1	-1	-1
130	1	2	2	1
0	0	0	0	(-0.9696588871927013+6.0363501908646405e-31j)
0	0	1	0	(-2.6014443693974714e-74-1.0088690149102667e-43j)
0	1	0	0	(-1.8964725204119165e-39+1.8563005583392786e-41j)
0	1	1	0	(-0.9696588871926538+1.771649539862561e-14j)
-1	-1	-1	-1	-1
131	1	2	2	1
0	0	0	0	(-0.9696588850606498-2.169595165451736e-31j)
0	0	1	0	(-2.814986982861647e-95+3.0373326112097174e-64j)
0	1	0	0	(-9.487953076924406e-84+7.227554721251911e-70j)
0	1	1	0	(-0.969658885060623+1.3862653446851742e-14j)
-1	-1	-1	-1	-1
132	1	2	2	1
0	0	0	0	(-0.9696588831958671+1.3976084548417824e-31j)
0	0	1	0	(-7.044394432321343e-95-1.1799206767082228e-63j)
0	1	0	0	(1.7095075150010042e-84-1.1947299191960913e-69j)
0	1	1	0	(-0.9696588831958144-2.6158617299212874e-15j)
-1	-1	-1	-1	-1
133	1	2	2	1
0	0	0	0	(0.9696588831958551+0j)
0	0	1	0	-5.014740049236838e-64j
0	1	0	0	(-9.209249044328452e-73-1.8584049874982607e-69j)
0	1	1	0	(0.9696588831958263+3.24677121812992e-15j)
-1	-1	-1	-1	-1
134	1	2	2	1
0	0	0	0	(-0.9696588803659207+0j)
0	0	1	0	-4.595034956455267e-64j
0	1	0	0	(-2.7643822839041875e-58-1.1012168546249197e-69j)
0	1	1	0	(-0.969658880365868-1.0283828401912855e-14j)
-1	-1	-1	-1	-1
135	1	2	2	1
0	0	0	0	(-0.9696588774626451+0j)
0	0	1	0	6.43755439584142e-64j
0	1	0	0	(-2.730049100268576e-73+2.974791518706451e-69j)
0	1	1	0	(-0.9696588774625986+1.6525431856237394e-14j)
-1	-1	-1	-1	-1
136	1	2	2	1
0	0	0	0	(-0.9696588745798238+0j)
0	0	1	0	6.868856048202466e-64j
0	1	0	0	(-2.066789174262959e-73+2.063603403009048e-69j)
0	1	1	0	(-0.9696588745796811+4.2033416934005244e-15j)
-1	-1	-1	-1	-1
137	1	2	2	1
0	0	0	0	(-0.9696588718717148+0j)
0	0	1	0	-9.124833071157114e-64j
0	1	0	0	(9.824310043027643e-86-3.2598418758366235e-69j)
0	1	1	0	(-0.9696588718716611+8.857137863248016e-16j)
-1	-1	-1	-1	-1
138	1	2	2	1
0	0	0	0	(-3.0560156070926355e-16+0j)
0	0	1	0	(-0.9619607808435996-0.12194170500462813j)
0	1	0	0	(-0.9619607808435993-0.12194170500464233j)
0	1	1	0	(4.0283539367452045e-23-1.6286745526732175e-22j)
-1	-1	-1	-1	-1
139	1	2	2	1
0	0	0	0	(-3.0734564747018214e-16+0j)
0	0	1	0	(-0.168348863675913-0.9549329715157644j)
0	1	0	0	(-0.16834886367587135-0.9549329715157069j)
0	1	1	0	(1.2607304387821475e-22-2.2631791570890955e-22j)
-1	-1	-1	-1	-1
140	1	2	2	1
0	0	0	0	(-0.96965886689748+0j)
0	0	1	0	6.151820340207218e-64j
0	1	0	0	(-1.47231071925446e-73+8.555787397397591e-70j)
0	1	1	0	(-0.9696588668974147+1.3018650283154534e-14j)
-1	-1	-1	-1	-1
141	1	2	2	1
0	0	0	0	(0.9696588667693775+0j)
0	0	1	0	-2.448647260774244e-64j
0	1	0	0	(-2.0795733459468954e-73-8.504648246033475e-70j)
0	1	1	0	(0.9696588667692351-3.529733592147794e-15j)
-1	-1	-1	-1	-1
142	1	2	2	1
0	0	0	0	(0.9696588692414124+0j)
0	0	1	0	-1.0094536931148906e-64j
0	1	0	0	(2.0900838629036145e-85+3.9115714755974784e-70j)
0	1	1	0	(0.9696588692413619+3.742889251650257e-15j)
-1	-1	-1	-1	-1
143	1	2	2	1
0	0	0	0	(-0.9696588692414001+1.6057993922243747e-30j)
0	0	1	0	(3.0595872316683633e-86+1.377345481047434e-63j)
0	1	0	0	(1.2102922569310575e-83+1.8089513330713543e-70j)
0	1	1	0	(-0.9696588692413747-2.205680698887213e-14j)
-1	-1	-1	-1	-1
144	1	2	2	1
0	0	0	0	(-0.9696588708335372+9.993309158651872e-32j)
0	0	1	0	(-8.623706567873118e-96-2.0201299514242767e-64j)
0	1	0	0	(1.9480876651975021e-84+5.213028509373969e-71j)
0	1	1	0	(-0.9696588708334528+2.385886361768976e-15j)
-1	-1	-1	-1	-1
145	1	2	2	1
0	0	0	0	(-0.9696588726698482+5.5641121872668695e-31j)
0	0	1	0	(1.3060451514097548e-94+5.4948643344548444e-64j)
0	1	0	0	(-4.7104195638749616e-85+5.877492546481172e-70j)
0	1	1	0	(-0.9696588726697978+1.5413723612343344e-14j)
-1	-1	-1	-1	-1
146	1	2	2	1
0	0	0	0	(-0.9696588746949167-8.233340069542308e-32j)
0	0	1	0	(1.2752153561974434e-96-3.6257857851916365e-65j)
0	1	0	0	(9.8638182107724e-85-3.070634496938768e-70j)
0	1	1	0	(-0.969658874694884-2.1320692115887068e-15j)
-1	-1	-1	-1	-1
147	1	2	2	1
0	0	0	0	(-0.9696588768428422-4.0921805947758394e-34j)
0	0	1	0	(-2.161789552115919e-98+1.2366684606635583e-64j)
0	1	0	0	(-8.341515578557298e-86+1.5428006060467326e-69j)
0	1	1	0	(-0.9696588768427926-4.0193214482214616e-17j)
-1	-1	-1	-1	-1
148	1	2	2	1
0	0	0	0	(-0.9696588790371026-3.1737463371873807e-32j)
0	0	1	0	(-9.494844408086735e-135+7.003422121237174e-103j)
0	1	0	0	(5.598621359999056e-124-1.9959113185750042e-109j)
0	1	1	0	(-0.9696588790370373-9.24896900525713e-16j)
-1	-1	-1	-1	-1
149	1	2	2	1
0	0	0	0	(-0.9696588811913964-1.0280878670181284e-32j)
0	0	1	0	(-4.306150463707537e-16+1.2418579891252418e-21j)
0	1	0	0	(-1.6813551036393504e-21+2.27554724868053e-27j)
0	1	1	0	(-0.9696588811877276-2.267117342576112e-15j)
-1	-1	-1	-1	-1
150	1	2	2	1
0	0	0	0	(-0.9696588831974124-5.0943979508805624e-36j)
0	0	1	0	(-3.2349237501990177e-139+1.4865031957357782e-103j)
0	1	0	0	(2.547720519278365e-127-3.1736239017905956e-109j)
0	1	1	0	(-0.9696588831973458-7.432472792005033e-21j)
-1	-1	-1	-1	-1
151	1	2	2	1
0	0	0	0	(-0.9696588849354798+8.237324838568916e-36j)
0	0	1	0	(3.475542570835215e-138+9.877137196081835e-103j)
0	1	0	0	(1.1105147818391945e-126+1.0900457396149342e-108j)
0	1	1	0	(-0.9696588849353607-1.6351439707481819e-19j)
-1	-1	-1	-1	-1
152	1	2	2	1
0	0	0	0	(0.9696588849355147+0j)
0	0	1	0	5.101821988262437e-103j
0	1	0	0	(-3.336338427231828e-126+1.3084571197952947e-108j)
0	1	1	0	(0.9696588849353258-2.0067676401261585e-19j)
-1	-1	-1	-1	-1
153	1	2	2	1
0	0	0	0	(-0.9696588875491302+0j)
0	0	1	0	2.3600311191081163e-102j
0	1	0	0	(6.113969933371127e-127+2.3413205718272593e-108j)
0	1	1	0	(-0.9696588875490757+9.662214633781156e-20j)
-1	-1	-1	-1	-1
154	1	2	2	1
0	0	0	0	(-0.9696588901477383+0j)
0	0	1	0	6.774047747215283e-103j
0	1	0	0	(-1.2582294097324881e-127+3.7336435161085044e-109j)
0	1	1	0	(-0.969658890147497-2.22974184451622e-19j)
-1	-1	-1	-1	-1
155	1	2	2	1
0	0	0	0	(-0.969658892624046+0j)
0	0	1	0	-2.820605257823391e-103j
0	1	0	0	(-2.5739931156856107e-127-4.822784491426085e-109j)
0	1	1	0	(-0.969658892623897+5.945978365083786e-20j)
-1	-1	-1	-1	-1
156	1	2	2	1
0	0	0	0	(-0.9696588948718005+0j)
0	0	1	0	-1.0699372571433398e-102j
0	1	0	0	(3.056426458504472e-128-3.4432727075038384e-109j)
0	1	1	0	(-0.9696588948716081-2.134263478295789e-28j)
-1	-1	-1	-1	-1
157	1	2	2	1
0	0	0	0	(-0.9696588968084009+0j)
0	0	1	0	-3.589521645329018e-102j
0	1	0	0	(-5.939528178802318e-124-5.971989675714234e-109j)
0	1	1	0	(-0.9696588968082106-2.285629806073716e-18j)
-1	-1	-1	-1	-1
158	1	2	2	1
0	0	0	0	(-0.9696588984112315+0j)
0	0	1	0	1.474148704085056e-138j
0	1	0	0	(9.074448787668156e-138+1.4741487040850434e-138j)
0	1	1	0	(-0.9696588984109009-2.3196560258561526e-18j)
-1	-1	-1	-1	-1
159	1	2	2	1
0	0	0	0	(-0.969658899750286+0j)
0	0	1	0	-9.457383963027912e-201j
0	1	0	0	(-7.241050227079789e-207-9.700726119775899e-201j)
0	1	1	0	(-0.9696588997501012-3.716236383105939e-20j)
-1	-1	-1	-1	-1
160	1	2	2	1
0	0	0	0	(-0.9696589009874395+0j)
0	0	1	0	1.424418842665544e-297j
0	1	0	0	(-5.621853916819027e-288+3.754844790535039e-297j)
0	1	1	0	(-0.9696589009871994-2.9729890807085694e-19j)
-1	-1	-1	-1	-1
161	1	2	2	1
0	0	0	0	(0.9696589035535432+0j)
0	1	1	0	(0.9696589035534908-1.7748106095627879e-31j)
-1	-1	-1	-1	-1
162	1	2	2	1
0	0	0	0	(-0.9696589035535896-1.0614733805348021e-35j)
0	1	1	0	(-0.969658903553444-2.898664472220185e-19j)
-1	-1	-1	-1	-1
163	1	2	2	1
0	0	0	0	(-0.9696589044764042-2.466275507971711e-35j)
0	1	1	0	(-0.9696589044763767+7.878421311055916e-19j)
-1	-1	-1	-1	-1
164	1	2	2	1
0	0	0	0	(-0.9696589054270939-4.3084491967318126e-36j)
0	1	1	0	(-0.9696589054269981-1.189195657536571e-19j)
-1	-1	-1	-1	-1
165	1	2	2	1
0	0	0	0	(-0.9696589064051453-3.32440101935374e-37j)
0	1	1	0	(-0.9696589064050344+1.486494563775095e-20j)
-1	-1	-1	-1	-1
166	1	2	2	1
0	0	0	0	(-0.9696589074042357-8.20637178657723e-37j)
0	1	1	0	(-0.969658907404144-1.3378451135705136e-19j)
-1	-1	-1	-1	-1
167	1	2	2	1
0	0	0	0	(-0.9696589084102601-3.0807783230712e-36j)
0	1	1	0	(-0.9696589084101306-1.1148709244855112e-19j)
-1	-1	-1	-1	-1
168	1	2	2	1
0	0	0	0	(-0.9696589093987885-2.2330841812092006e-36j)
0	1	1	0	(-0.9696589093986583+2.304066565790806e-19j)
-1	-1	-1	-1	-1
169	1	2	2	1
0	0	0	0	(-0.9696589103318232+5.620895392431166e-39j)
0	1	1	0	(-0.9696589103317599-2.229741832020042e-19j)
-1	-1	-1	-1	-1
170	1	2	2	1
0	0	0	0	(-0.9696589111529417+1.2438273877780012e-49j)
0	1	1	0	(-0.9696589111528913+4.190368879536886e-34j)
-1	-1	-1	-1	-1
171	1	2	2	1
0	0	0	0	(0.9696589111529489+0j)
0	1	1	0	(0.9696589111528838-3.2241585225892036e-33j)
-1	-1	-1	-1	-1
172	1	2	2	1
0	0	0	0	(-0.9696589124067613+0j)
0	1	1	0	(-0.9696589124065589-8.606656062014406e-34j)
-1	-1	-1	-1	-1
173	1	2	2	1
0	0	0	0	(-0.9696589137243686+0j)
0	1	1	0	(-0.9696589137243041+3.293134564602932e-34j)
-1	-1	-1	-1	-1
174	1	2	2	1
0	0	0	0	(-0.9696589150953383+0j)
0	1	1	0	(-0.969658915095252-2.2188678630033174e-33j)
-1	-1	-1	-1	-1
175	1	2	2	1
0	0	0	0	(-0.969658916496006+0j)
0	1	1	0	(-0.9696589164959191+1.2345974439705357e-35j)
-1	-1	-1	-1	-1
176	1	2	2	1
0	0	0	0	(-0.9696589178892777+0j)
0	1	1	0	(-0.9696589178891715-1.7797340266828198e-33j)
-1	-1	-1	-1	-1
177	1	2	2	1
0	0	0	0	(-0.9696589192346432+0j)
0	1	1	0	(-0.9696589192345142+7.558072536900426e-33j)
-1	-1	-1	-1	-1
178	1	2	2	1
0	0	0	0	(-0.9696589205093973+0j)
0	1	1	0	(-0.9696589205092995-3.768071265367671e-34j)
-1	-1	-1	-1	-1
179	1	2	2	1
0	0	0	0	(0.9696589217055093+0j)
0	1	1	0	(0.9696589217054349-2.3967774141182787e-34j)
-1	-1	-1	-1	-1
