0	1	2	2	1
0	0	0	0	(-0.7485454830772634-0.6163751233644197j)
0	0	1	0	(-6.5479027816105685e-15+7.953413471673194e-15j)
0	1	0	0	(6.322908576658069e-15-8.140239016631659e-15j)
0	1	1	0	(-0.7485454830772421-0.6163751233644068j)
-1	-1	-1	-1	-1
1	1	2	2	1
0	0	0	0	(-0.9696590292148489+0j)
0	0	1	0	(-6.288924048805535e-61+9.225341661645362e-15j)
0	1	0	0	(1.4032440269954445e-15-9.227685737314909e-15j)
0	1	1	0	(-0.9696590292148185+8.01514494922809e-15j)
-1	-1	-1	-1	-1
2	1	2	2	1
0	0	0	0	(-0.969659028070532+0j)
0	0	1	0	-2.5716570708813645e-15j
0	1	0	0	(-9.278305804091944e-16+2.567167617272738e-15j)
0	1	1	0	(-0.9696590280705627-2.6717149862851417e-15j)
-1	-1	-1	-1	-1
3	1	2	2	1
0	0	0	0	(-0.969659026931377+0j)
0	0	1	0	(-3.952748207041546e-61+6.753566157438044e-15j)
0	1	0	0	(9.558003882770388e-16-6.755483098916386e-15j)
0	1	1	0	(-0.9696590269313513+4.655260966466421e-15j)
-1	-1	-1	-1	-1
4	1	2	2	1
0	0	0	0	(-0.9696590257909108+0j)
0	0	1	0	(1.0423272067541133e-60+2.296163413775016e-14j)
0	1	0	0	(7.654791203389386e-16-2.2963244823146088e-14j)
0	1	1	0	(-0.9696590257907735+4.25045566978669e-15j)
-1	-1	-1	-1	-1
5	1	2	2	1
0	0	0	0	(-0.9696590246374932+0j)
0	0	1	0	(-6.673493905562486e-61+1.887725697619972e-14j)
0	1	0	0	(-1.2558720868960996e-16-1.8879436629122976e-14j)
0	1	1	0	(-0.9696590246374148+7.286495441277688e-16j)
-1	-1	-1	-1	-1
6	1	2	2	1
0	0	0	0	(-0.969659023454021+0j)
0	0	1	0	(1.2363069956160532e-60+1.7311159759923007e-14j)
0	1	0	0	(2.0615912984578387e-15-1.7311503740641866e-14j)
0	1	1	0	(-0.9696590234539261+8.541391885686364e-15j)
-1	-1	-1	-1	-1
7	1	2	2	1
0	0	0	0	(-0.9696590222163675+0j)
0	0	1	0	(1.2718897891415185e-60+3.250949929553353e-14j)
0	1	0	0	(6.315349818725638e-17-3.2510696578639356e-14j)
0	1	1	0	(-0.9696590222162486-2.9145981808406098e-15j)
-1	-1	-1	-1	-1
8	1	2	2	1
0	0	0	0	(-0.9696590208915065+0j)
0	0	1	0	(4.622963242682431e-62+9.492722908609173e-15j)
0	1	0	0	(1.442392383672749e-15-9.497175020926204e-15j)
0	1	1	0	(-0.9696590208914332-8.096106060019771e-16j)
-1	-1	-1	-1	-1
9	1	2	2	1
0	0	0	0	(0.9696590194342676+0j)
0	0	1	0	-3.994516198993818e-14j
0	1	0	0	(-6.141857599957428e-16+3.9945412200799686e-14j)
0	1	1	0	(0.9696590194340474-1.456991994234041e-15j)
-1	-1	-1	-1	-1
10	1	2	2	1
0	0	0	0	(-0.9696590194342668+2.7797103975643357e-30j)
0	0	1	0	(5.6658443436953215e-19+7.88370318754055e-14j)
0	1	0	0	(-7.591003316492574e-16-7.88365797489916e-14j)
0	1	1	0	(-0.9696590194340483-2.2661508782029703e-15j)
-1	-1	-1	-1	-1
11	1	2	2	1
0	0	0	0	(-0.9696590183223249-1.9526544774808407e-31j)
0	0	1	0	(-9.311673026707035e-45+1.1163414289729626e-13j)
0	1	0	0	(5.692353611396224e-16-1.1163552556683585e-13j)
0	1	1	0	(-0.9696590183220236+3.399795737002831e-15j)
-1	-1	-1	-1	-1
12	1	2	2	1
0	0	0	0	(-0.9696590171953637+2.007857742707658e-31j)
0	0	1	0	(1.3310303143519383e-44+1.551849972352279e-13j)
0	1	0	0	(-2.623602168025214e-15-1.551829967702218e-13j)
0	1	1	0	(-0.969659017194997-3.802546728443038e-15j)
-1	-1	-1	-1	-1
13	1	2	2	1
0	0	0	0	(-0.9696590160563819+3.9275977934304608e-31j)
0	0	1	0	(2.1000926120942774e-44+1.2517170417556293e-13j)
0	1	0	0	(2.6399163423320635e-18-1.2517080837009806e-13j)
0	1	1	0	(-0.9696590160560481+1.6192187794293729e-15j)
-1	-1	-1	-1	-1
14	1	2	2	1
0	0	0	0	(-0.969659014913138-1.027068850594051e-31j)
0	0	1	0	(-5.65687032464264e-45+1.2893516790097982e-13j)
0	1	0	0	(1.8237134048867633e-15-1.289347736696273e-13j)
0	1	1	0	(-0.969659014912809+5.4225680480924906e-15j)
-1	-1	-1	-1	-1
15	1	2	2	1
0	0	0	0	(-0.9696590137799429-4.895206165279344e-31j)
0	0	1	0	(-2.4021196303395403e-44+1.1487310746474784e-13j)
0	1	0	0	(1.8418371258211155e-15-1.1487140184153522e-13j)
0	1	1	0	(-0.9696590137796427+3.641406366192518e-15j)
-1	-1	-1	-1	-1
16	1	2	2	1
0	0	0	0	(-0.969659012680785+8.600580565790487e-32j)
0	0	1	0	(5.224523148270072e-45+1.4220458952199607e-13j)
0	1	0	0	(7.076772755409415e-16-1.4219982086739694e-13j)
0	1	1	0	(-0.9696590126804039+4.0473458897726224e-15j)
-1	-1	-1	-1	-1
17	1	2	2	1
0	0	0	0	(-0.9696590116532293+4.990270393540954e-32j)
0	0	1	0	(1.6007986256015233e-45+7.509436477588801e-14j)
0	1	0	0	(9.191179440375688e-16-7.509653271261654e-14j)
0	1	1	0	(-0.9696590116529751+1.3758784881922316e-15j)
-1	-1	-1	-1	-1
18	1	2	2	1
0	0	0	0	(-0.9696590107549886-4.0371794213829036e-31j)
0	0	1	0	(-7.158712240429721e-45+4.150988951485325e-14j)
0	1	0	0	(1.7951182823620483e-17-4.151244182393719e-14j)
0	1	1	0	(-0.9696590107546751-9.741887377885188e-16j)
-1	-1	-1	-1	-1
19	1	2	2	1
0	0	0	0	(-0.9696590107551292+0j)
0	0	1	0	(-1.9713254798317238e-58+2.715378082893461e-13j)
0	1	0	0	(-3.7671094948488305e-15-2.715325535325964e-13j)
0	1	1	0	(-0.9696590107545346-5.179624435965787e-15j)
-1	-1	-1	-1	-1
20	1	2	2	1
0	0	0	0	(-0.9696590093886264+0j)
0	0	1	0	(5.839670572596545e-59+1.249221426758703e-13j)
0	1	0	0	(-1.5426566873013655e-15-1.2492214267587102e-13j)
0	1	1	0	(-0.9696590093882341-4.452087089514328e-15j)
-1	-1	-1	-1	-1
21	1	2	2	1
0	0	0	0	(-0.9696590079642277+0j)
0	0	1	0	(1.3847232809429472e-58+1.5796194657730445e-13j)
0	1	0	0	(-5.818579550575339e-16-1.579616195485976e-13j)
0	1	1	0	(-0.9696590079637385+6.881981212479702e-15j)
-1	-1	-1	-1	-1
22	1	2	2	1
0	0	0	0	(-0.969659006481046+0j)
0	0	1	0	(3.7021082546562185e-60+1.4695801064999352e-13j)
0	1	0	0	(4.256368106781668e-16-1.469541346165227e-13j)
0	1	1	0	(-0.9696590064806304+1.6999694885456828e-15j)
-1	-1	-1	-1	-1
23	1	2	2	1
0	0	0	0	(-0.9696590049476023+0j)
0	0	1	0	(2.38947106829266e-59+2.687278694188378e-13j)
0	1	0	0	(-3.604008348056093e-15-2.687212322224643e-13j)
0	1	1	0	(-0.9696590049470548-9.065836974666429e-15j)
-1	-1	-1	-1	-1
24	1	2	2	1
0	0	0	0	(-0.9696590033811798+0j)
0	0	1	0	(3.6229679321752416e-59+1.6562342808831405e-13j)
0	1	0	0	(1.822589924000713e-16-1.6561997570564672e-13j)
0	1	1	0	(-0.9696590033807478+6.47597369566815e-16j)
-1	-1	-1	-1	-1
25	1	2	2	1
0	0	0	0	(-0.969659001792525+0j)
0	0	1	0	(1.489390812606247e-60+2.2162892435482227e-13j)
0	1	0	0	(-1.2030627068874913e-15-2.2162094931366313e-13j)
0	1	1	0	(-0.9696590017919922-3.3188020289238433e-15j)
-1	-1	-1	-1	-1
26	1	2	2	1
0	0	0	0	(-0.969659000149237+0j)
0	0	1	0	(1.4993974850041646e-58+2.5229783033569305e-13j)
0	1	0	0	(9.728782066031763e-16-2.5228932758909035e-13j)
0	1	1	0	(-0.9696590001487015+3.237956060415954e-15j)
-1	-1	-1	-1	-1
27	1	2	2	1
0	0	0	0	(0.9696589983365436+0j)
0	0	1	0	(-9.839590092505574e-59-1.9666878070228263e-13j)
0	1	0	0	(1.8963686565761527e-16+1.9666754411201123e-13j)
0	1	1	0	(0.9696589983359766+1.7657170646277047e-15j)
-1	-1	-1	-1	-1
28	1	2	2	1
0	0	0	0	(0.9696589939474654+0j)
0	0	1	0	-8.724472551486999e-14j
0	1	0	0	(4.55054548403482e-16+8.72441291883775e-14j)
0	1	1	0	(0.9696589939469709+1.538032654595849e-15j)
-1	-1	-1	-1	-1
29	1	2	2	1
0	0	0	0	(-0.9696589939474628+6.516708277325858e-30j)
0	0	1	0	(-2.226223327262163e-18+1.5428789753769578e-13j)
0	1	0	0	(1.0940891852870568e-15-1.5428486398805516e-13j)
0	1	1	0	(-0.9696589939469741+8.904623866314144e-15j)
-1	-1	-1	-1	-1
30	1	2	2	1
0	0	0	0	(-0.9696589922212872-1.1539544193070426e-32j)
0	0	1	0	(-1.2050928535287422e-45+2.4447056199820746e-13j)
0	1	0	0	(3.5253738268166903e-15-2.4446398777534025e-13j)
0	1	1	0	(-0.9696589922206399+6.06855505893869e-15j)
-1	-1	-1	-1	-1
31	1	2	2	1
0	0	0	0	(-0.9696589903894617+2.967272778810802e-32j)
0	0	1	0	(1.7770043826774128e-45+1.401928098381799e-13j)
0	1	0	0	(-1.4891765358581354e-15-1.4019214397116588e-13j)
0	1	1	0	(-0.9696589903889568-2.9131094376833855e-15j)
-1	-1	-1	-1	-1
32	1	2	2	1
0	0	0	0	(-0.9696589884570416-8.737147794548837e-32j)
0	0	1	0	(-7.807112689807418e-45+2.091777459876762e-13j)
0	1	0	0	(1.103770521408015e-15-2.0917013232101422e-13j)
0	1	1	0	(-0.9696589884564798-1.7822473732808167e-15j)
-1	-1	-1	-1	-1
33	1	2	2	1
0	0	0	0	(-0.9696589864414628-8.920384598601412e-32j)
0	0	1	0	(-9.147108657355337e-45+2.4004627490563915e-13j)
0	1	0	0	(5.105093384157816e-16-2.400369619549036e-13j)
0	1	1	0	(-0.9696589864408653-2.2674205565700675e-15j)
-1	-1	-1	-1	-1
34	1	2	2	1
0	0	0	0	(-0.969658984377218-4.614161667322162e-32j)
0	0	1	0	(-3.734721946086609e-45+1.8947860465720897e-13j)
0	1	0	0	(2.674624433268265e-15-1.8947274938489978e-13j)
0	1	1	0	(-0.9696589843767338+3.0738461656050314e-15j)
-1	-1	-1	-1	-1
35	1	2	2	1
0	0	0	0	(-0.9696589823214986+3.322173089921814e-31j)
0	0	1	0	(4.1776103309192007e-44+2.9437463269343924e-13j)
0	1	0	0	(3.0055021176106745e-15-2.9437142010426e-13j)
0	1	1	0	(-0.9696589823208371+4.287931410587843e-15j)
-1	-1	-1	-1	-1
36	1	2	2	1
0	0	0	0	(-0.9696589803607771-9.259737682630589e-31j)
0	0	1	0	(-9.89263689107514e-44+2.5009677647832965e-13j)
0	1	0	0	(1.0577315706291033e-14-2.5008979329314975e-13j)
0	1	1	0	(-0.969658980360172+2.015401638618465e-14j)
-1	-1	-1	-1	-1
37	1	2	2	1
0	0	0	0	(-0.9696589786220127-1.7165936093205195e-32j)
0	0	1	0	(-2.2305953011834105e-46+3.04192148418786e-14j)
0	1	0	0	(-3.0786375863902614e-17-3.0420943618436536e-14j)
0	1	1	0	(-0.9696589786217757-2.4354720915621036e-16j)
-1	-1	-1	-1	-1
38	1	2	2	1
0	0	0	0	(0.9696589786222153+0j)
0	0	1	0	(-2.7751627059949512e-59-2.557181102277683e-13j)
0	1	0	0	(-1.1597799524973978e-15+2.557121122235214e-13j)
0	1	1	0	(0.9696589786215726-2.9140184883655996e-15j)
-1	-1	-1	-1	-1
39	1	2	2	1
0	0	0	0	(-0.9696589759547679+0j)
0	0	1	0	(-1.6964401454701812e-58+1.635918203595856e-13j)
0	1	0	0	(9.833882155012796e-16-1.635866919544536e-13j)
0	1	1	0	(-0.9696589759543042+5.82870503429038e-15j)
-1	-1	-1	-1	-1
40	1	2	2	1
0	0	0	0	(-0.9696589731160156+0j)
0	0	1	0	(-1.5247320098406845e-58+1.870593917805653e-13j)
0	1	0	0	(2.1923648199167944e-15-1.8705582419437071e-13j)
0	1	1	0	(-0.9696589731155808+4.451762429651273e-15j)
-1	-1	-1	-1	-1
41	1	2	2	1
0	0	0	0	(-0.9696589701369515+0j)
0	0	1	0	(2.4353713449468363e-59+1.1893948154542303e-13j)
0	1	0	0	(9.090411932386825e-16-1.1893846329685987e-13j)
0	1	1	0	(-0.9696589701365872+1.942611058199801e-15j)
-1	-1	-1	-1	-1
42	1	2	2	1
0	0	0	0	(-0.9696589670798339+0j)
0	0	1	0	(-1.9734611570752018e-58+2.549877846878005e-13j)
0	1	0	0	(1.679985105812581e-15-2.5497750557999624e-13j)
0	1	1	0	(-0.9696589670792365+1.0443137740300035e-14j)
-1	-1	-1	-1	-1
43	1	2	2	1
0	0	0	0	(-0.969658964031243+0j)
0	0	1	0	(4.1020404869579085e-59+2.1514048995200079e-13j)
0	1	0	0	(4.4990515495433585e-15-2.151327341681584e-13j)
0	1	1	0	(-0.9696589640306925+2.1862293674008514e-15j)
-1	-1	-1	-1	-1
44	1	2	2	1
0	0	0	0	(-0.9696589610577547+0j)
0	0	1	0	(-1.9497995121931263e-59+1.684283042743987e-13j)
0	1	0	0	(-1.0983067003226483e-15-1.6842416810406987e-13j)
0	1	1	0	(-0.9696589610573084+2.2244484396881984e-15j)
-1	-1	-1	-1	-1
45	1	2	2	1
0	0	0	0	(-0.9696589581221605+0j)
0	0	1	0	(1.5283145309750746e-58+2.333458968515866e-13j)
0	1	0	0	(-3.909414842966084e-15-2.333402333083485e-13j)
0	1	1	0	(-0.9696589581216202-8.061261647351094e-15j)
-1	-1	-1	-1	-1
46	1	2	2	1
0	0	0	0	(0.9696589550115531+0j)
0	0	1	0	(-2.4369290850395336e-58-2.443932789128342e-13j)
0	1	0	0	(-6.7486338939670784e-15+2.4438594747308906e-13j)
0	1	1	0	(0.9696589550110198-9.98543533231715e-15j)
-1	-1	-1	-1	-1
47	1	2	2	1
0	0	0	0	(0.9696589477689387+0j)
0	0	1	0	-3.114272073136235e-14j
0	1	0	0	(2.616191439860542e-16+3.1143428588910006e-14j)
0	1	1	0	(0.9696589477687532+2.6665242380056644e-15j)
-1	-1	-1	-1	-1
48	1	2	2	1
0	0	0	0	(-0.9696589477691732+2.099014169684675e-30j)
0	0	1	0	(-3.074985543055155e-18+2.4124841565156954e-13j)
0	1	0	0	(8.146620014733981e-15-2.412416036894373e-13j)
0	1	1	0	(-0.969658947768519+1.2297937071642256e-14j)
-1	-1	-1	-1	-1
49	1	2	2	1
0	0	0	0	(-0.9696589450391516-5.054343852683913e-31j)
0	0	1	0	(-4.812906434937698e-44+2.2291399140628417e-13j)
0	1	0	0	(6.926270550959295e-15-2.2290755907238486e-13j)
0	1	1	0	(-0.9696589450385927+8.946862714015953e-15j)
-1	-1	-1	-1	-1
50	1	2	2	1
0	0	0	0	(-0.969658942213264+1.4800011163755762e-30j)
0	0	1	0	(-1.0765376836762423e-15+8.220496876729966e-13j)
0	1	0	0	(3.3115946498234716e-16-8.213505812163109e-13j)
0	1	1	0	(-0.9696589422109243+1.087210475586911e-15j)
-1	-1	-1	-1	-1
51	1	2	2	1
0	0	0	0	(-0.9696589393140954+4.107044087604881e-31j)
0	0	1	0	(-1.0765376804566353e-15+1.3240323261732984e-12j)
0	1	0	0	(8.293003514660408e-15-1.3225392129685058e-12j)
0	1	1	0	(-0.96965893931096+1.2723017224543554e-14j)
-1	-1	-1	-1	-1
52	1	2	2	1
0	0	0	0	(-0.9696589363836785+1.7376266406744883e-30j)
0	0	1	0	(-1.0765376772034642e-15+1.3227094837146707e-12j)
0	1	0	0	(2.5725623229519906e-15-1.3219529937521594e-12j)
0	1	1	0	(-0.9696589363807642+8.322097832402475e-15j)
-1	-1	-1	-1	-1
53	1	2	2	1
0	0	0	0	(-0.969658933483588+3.5186277558351295e-31j)
0	0	1	0	(2.350346171343719e-44+1.563699136249383e-13j)
0	1	0	0	(2.9023726497656257e-15-1.563642438182682e-13j)
0	1	1	0	(-0.9696589334831537+1.1764927264916556e-14j)
-1	-1	-1	-1	-1
54	1	2	2	1
0	0	0	0	(-0.9696589307005589+1.2378473211602433e-30j)
0	0	1	0	(9.816796236622212e-44+1.856510383270938e-13j)
0	1	0	0	(-1.184388411062751e-14-1.8564677833114652e-13j)
0	1	1	0	(-0.9696589307001023-2.6414571049280597e-14j)
-1	-1	-1	-1	-1
55	1	2	2	1
0	0	0	0	(-0.9696589281430785-2.5708800448218496e-30j)
0	0	1	0	(-2.150029020669943e-43+1.9577498285658678e-13j)
0	1	0	0	(-1.0885767223871819e-15-1.957703802780029e-13j)
0	1	1	0	(-0.9696589281425829-3.4507491018490964e-15j)
-1	-1	-1	-1	-1
56	1	2	2	1
0	0	0	0	(-0.9696589259528834-2.1270030767989564e-31j)
0	0	1	0	(-4.285867823320282e-45+4.7169941759963643e-14j)
0	1	0	0	(1.5221786731017392e-15-4.71690037908242e-14j)
0	1	1	0	(-0.9696589259526033+2.3530237744929268e-15j)
-1	-1	-1	-1	-1
57	1	2	2	1
0	0	0	0	(0.9696589259528997+0j)
0	0	1	0	(6.704107880575834e-63-1.2666497525874232e-13j)
0	1	0	0	(-1.1378161843700402e-14+1.266660343860394e-13j)
0	1	1	0	(0.9696589259525872-3.013478800254726e-14j)
-1	-1	-1	-1	-1
58	1	2	2	1
0	0	0	0	(-0.9696589226838118+0j)
0	0	1	0	(-1.421324921748935e-59+1.0638582867384696e-13j)
0	1	0	0	(-1.114569338935086e-15-1.0638436076057656e-13j)
0	1	1	0	(-0.9696589226835385-7.248959541300113e-16j)
-1	-1	-1	-1	-1
59	1	2	2	1
0	0	0	0	(-0.9696589195127769+0j)
0	0	1	0	(-6.042936577692623e-59+1.542770692369657e-13j)
0	1	0	0	(4.3225047784143555e-16-1.5427518095502675e-13j)
0	1	1	0	(-0.9696589195123448+1.91189949955797e-15j)
-1	-1	-1	-1	-1
60	1	2	2	1
0	0	0	0	(-1.2419890669752046e-15+0j)
0	0	1	0	(0.3735627732839157-0.8948124211175618j)
0	1	0	0	(0.37356277328396553-0.8948124211174684j)
0	1	1	0	(-5.511837674410864e-14+1.2556298640161742e-13j)
-1	-1	-1	-1	-1
61	1	2	2	1
0	0	0	0	(-3.6719297252042333e-16+0j)
0	0	1	0	(0.033286064881781-0.969087430447925j)
0	1	0	0	(0.033286064881746985-0.9690874304477353j)
0	1	1	0	(-3.517175121240646e-14-9.007666992480811e-15j)
-1	-1	-1	-1	-1
62	1	2	2	1
0	0	0	0	(-0.9696589127027562+0j)
0	0	1	0	(3.0143054225546333e-15+1.2619309423284154e-12j)
0	1	0	0	(-5.6391087063625526e-15-1.2613579536008459e-12j)
0	1	1	0	(-0.9696589126998507-5.61411907360188e-15j)
-1	-1	-1	-1	-1
63	1	2	2	1
0	0	0	0	(-0.969658912269719+0j)
0	0	1	0	(-3.78638053353724e-59+1.2184367575493826e-13j)
0	1	0	0	(-4.2111233560549214e-16-1.2184048107083746e-13j)
0	1	1	0	(-0.9696589122694567+4.1932396185495367e-16j)
-1	-1	-1	-1	-1
64	1	2	2	1
0	0	0	0	(-0.9696589130453086+0j)
0	0	1	0	(-2.212084522212579e-59+5.771909295993538e-14j)
0	1	0	0	(5.303263476406092e-15-5.772238241780453e-14j)
0	1	1	0	(-0.9696589130451081+1.0343307659400796e-14j)
-1	-1	-1	-1	-1
65	1	2	2	1
0	0	0	0	(0.9696589149021608+0j)
0	0	1	0	(1.3130341603200152e-60-3.725723637499268e-14j)
0	1	0	0	(-3.9379887563281874e-17+3.726174866784343e-14j)
0	1	1	0	(0.9696589149020276-6.702228497174255e-15j)
-1	-1	-1	-1	-1
66	1	2	2	1
0	0	0	0	(0.9696589201793107+0j)
0	0	1	0	-1.4906678153130976e-14j
0	1	0	0	(4.3050133965004656e-16+1.4910302953482764e-14j)
0	1	1	0	(0.9696589201792056+2.8791780233207908e-15j)
-1	-1	-1	-1	-1
67	1	2	2	1
0	0	0	0	(-0.9696589201795056-3.8054258199171464e-18j)
0	0	1	0	(-1.0324016621662395e-18+1.8165736491165492e-13j)
0	1	0	0	(2.230965111005835e-15-1.8165565940036929e-13j)
0	1	1	0	(-0.9696589201790111+4.117470736108716e-15j)
-1	-1	-1	-1	-1
68	1	2	2	1
0	0	0	0	(-0.9696589219154509+3.891951050892343e-31j)
0	0	1	0	(3.099321031228703e-44+1.864205894774604e-13j)
0	1	0	0	(-2.8325380031435823e-15-1.8641590927365153e-13j)
0	1	1	0	(-0.9696589219149714-1.654641842828325e-15j)
-1	-1	-1	-1	-1
69	1	2	2	1
0	0	0	0	(-0.9696589235556088+2.425548533337799e-31j)
0	0	1	0	(1.4931321247649733e-44+1.441062956010496e-13j)
0	1	0	0	(4.788604421507494e-15-1.441037572988418e-13j)
0	1	1	0	(-0.9696589235552652+7.954424994005598e-15j)
-1	-1	-1	-1	-1
70	1	2	2	1
0	0	0	0	(-0.9696589250938988-1.3378355739825065e-31j)
0	0	1	0	(-6.727412919133077e-45+1.1771722872486676e-13j)
0	1	0	0	(6.119977501466852e-16-1.177205757937729e-13j)
0	1	1	0	(-0.9696589250935331+5.621734196042485e-15j)
-1	-1	-1	-1	-1
71	1	2	2	1
0	0	0	0	(-3.044908336063658e-16+2.8608176176004472e-18j)
0	0	1	0	(-0.8192742372334599-0.5186792438439849j)
0	1	0	0	(-0.8192742372334463-0.5186792438439852j)
0	1	1	0	(-1.0854061999918659e-14-5.147561779348781e-15j)
-1	-1	-1	-1	-1
72	1	2	2	1
0	0	0	0	(-0.9696589278410813-3.8852789494005945e-31j)
0	0	1	0	(-4.767234933885396e-44+2.872361094084266e-13j)
0	1	0	0	(-2.996533110070783e-15-2.872313847590362e-13j)
0	1	1	0	(-0.969658927840447-9.700941170718881e-15j)
-1	-1	-1	-1	-1
73	1	2	2	1
0	0	0	0	(-0.9696589290296714+1.3974614534571731e-31j)
0	0	1	0	(1.27485107228753e-44+2.1355724147882813e-13j)
0	1	0	0	(-3.163093201662373e-15-2.135495979442664e-13j)
0	1	1	0	(-0.96965892902908-7.202372834273981e-15j)
-1	-1	-1	-1	-1
74	1	2	2	1
0	0	0	0	(-0.969658930070371+9.10789003692392e-31j)
0	0	1	0	(9.844219177841072e-44+2.53021940856254e-13j)
0	1	0	0	(-4.4440421126340996e-15-2.530150393357239e-13j)
0	1	1	0	(-0.9696589300697783-1.7404407532734132e-14j)
-1	-1	-1	-1	-1
75	1	2	2	1
0	0	0	0	(-0.9696589309303935+2.6231857433188517e-31j)
0	0	1	0	(5.1904994767618036e-45+4.632066603954335e-14j)
0	1	0	0	(1.2342596417026463e-15-4.6323276269574056e-14j)
0	1	1	0	(-0.9696589309300984+3.531435009620107e-15j)
-1	-1	-1	-1	-1
76	1	2	2	1
0	0	0	0	(0.969658930930451+0j)
0	0	1	0	(-6.094202229056287e-61-1.6774955765289131e-13j)
0	1	0	0	(-2.68170243881439e-15+1.6774418156850133e-13j)
0	1	1	0	(0.9696589309300407-4.153832271731634e-15j)
-1	-1	-1	-1	-1
77	1	2	2	1
0	0	0	0	(-0.9696589321865672+0j)
0	0	1	0	(-3.858548796590026e-59+2.226257466533022e-13j)
0	1	0	0	(-6.029489254811948e-16-2.2262057724153053e-13j)
0	1	1	0	(-0.9696589321860674-2.538502281439599e-15j)
-1	-1	-1	-1	-1
78	1	2	2	1
0	0	0	0	(-0.9696589333370434+0j)
0	0	1	0	(1.180549662986954e-58+1.698300374517785e-13j)
0	1	0	0	(5.84242595040106e-16-1.6982732011248916e-13j)
0	1	1	0	(-0.9696589333366408-5.615950106819039e-15j)
-1	-1	-1	-1	-1
79	1	2	2	1
0	0	0	0	(0.9696589343707133+0j)
0	0	1	0	(1.3319479389876712e-58-2.324594899846663e-13j)
0	1	0	0	(-2.4420214400953945e-15+2.324518975951172e-13j)
0	1	1	0	(0.9696589343701819-7.25395213051656e-15j)
-1	-1	-1	-1	-1
80	1	2	2	1
0	0	0	0	(0.9696589352692799+0j)
0	0	1	0	(4.826118771001969e-59-1.4335654236780473e-13j)
0	1	0	0	(5.604329646802565e-15+1.4335922951509885e-13j)
0	1	1	0	(0.969658935268914+8.951954734426772e-15j)
-1	-1	-1	-1	-1
81	1	2	2	1
0	0	0	0	(-0.9696589360140064+0j)
0	0	1	0	(2.368382888944724e-15+1.3596966421692876e-12j)
0	1	0	0	(1.914145406026994e-15-1.3592003220144306e-12j)
0	1	1	0	(-0.9696589360111014+1.1092495593408138e-14j)
-1	-1	-1	-1	-1
82	1	2	2	1
0	0	0	0	(-0.9696589365916409+0j)
0	0	1	0	(-1.075735763751445e-58+1.9079967096840383e-13j)
0	1	0	0	(-1.5457118541341858e-15-1.9079255437568709e-13j)
0	1	1	0	(-0.9696589365912204-8.018821161624102e-17j)
-1	-1	-1	-1	-1
83	1	2	2	1
0	0	0	0	(-0.9696589370236043+0j)
0	0	1	0	(3.1474249173145124e-59+1.5937581424380574e-13j)
0	1	0	0	(4.792537788267745e-15-1.5936907299099801e-13j)
0	1	1	0	(-0.9696589370232577+1.1089269986796176e-14j)
-1	-1	-1	-1	-1
84	1	2	2	1
0	0	0	0	(-0.9696589373544189+0j)
0	0	1	0	(2.300850069453402e-58+2.0286389945782293e-13j)
0	1	0	0	(6.894843713314462e-15-2.0285953369829648e-13j)
0	1	1	0	(-0.9696589373539535+1.1933814939151211e-14j)
-1	-1	-1	-1	-1
85	1	2	2	1
0	0	0	0	(-0.9696589377877423+0j)
0	0	1	0	4.595453955533135e-14j
0	1	0	0	(-5.603115293567684e-16-4.595467418852019e-14j)
0	1	1	0	(-0.9696589377874475-6.07208007951544e-15j)
-1	-1	-1	-1	-1
86	1	2	2	1
0	0	0	0	(-0.9696589377878607-1.5835339433114302e-27j)
0	0	1	0	(-2.1462862746085653e-18+2.3338836456945695e-13j)
0	1	0	0	(2.060991592988701e-15-2.333804565621015e-13j)
0	1	1	0	(-0.9696589377873294+8.645926989652094e-15j)
-1	-1	-1	-1	-1
87	1	2	2	1
0	0	0	0	(-0.9696589378485856+4.532133859619475e-31j)
0	0	1	0	(3.7233561025898115e-44+1.9232092357855086e-13j)
0	1	0	0	(3.647692177891603e-15-1.923189767536116e-13j)
0	1	1	0	(-0.9696589378480134+7.448418229473364e-15j)
-1	-1	-1	-1	-1
88	1	2	2	1
0	0	0	0	(-0.9696589378670953-7.509546269063909e-31j)
0	0	1	0	(-7.25139751394392e-44+2.2604906037821157e-13j)
0	1	0	0	(2.6667439832696384e-15-2.260427301332146e-13j)
0	1	1	0	(-0.9696589378665292+4.129014453575495e-15j)
-1	-1	-1	-1	-1
89	1	2	2	1
0	0	0	0	(-0.9696589378419396+2.7412732712140202e-31j)
0	0	1	0	(-4.306150715298906e-16+2.212656763429474e-13j)
0	1	0	0	(1.4007699180258899e-15-2.2157366719064237e-13j)
0	1	1	0	(-0.9696589378410674-1.700182422258518e-15j)
-1	-1	-1	-1	-1
90	1	2	2	1
0	0	0	0	-1.1622005807566618e-17j
0	0	1	0	(0.9131108099346894+0.3262929732342467j)
0	1	0	0	(0.9131108099347062+0.32629297323424733j)
0	1	1	0	(9.800983223010651e-15-3.51878822996069e-14j)
-1	-1	-1	-1	-1
91	1	2	2	1
0	0	0	0	(-0.9696589376620032-1.564535867021956e-31j)
0	0	1	0	(-1.548144934226502e-44+2.3164385424617114e-13j)
0	1	0	0	(-2.549453427180124e-15-2.3163373099558166e-13j)
0	1	1	0	(-0.9696589376614286-5.048967322704818e-15j)
-1	-1	-1	-1	-1
92	1	2	2	1
0	0	0	0	(-0.9696589375168455-4.49552210638711e-33j)
0	0	1	0	(-3.8782208094469935e-46+2.019515007359215e-13j)
0	1	0	0	(5.3138242161311e-15-2.0194563764042193e-13j)
0	1	1	0	(-0.9696589375163724+1.1086353775556272e-14j)
-1	-1	-1	-1	-1
93	1	2	2	1
0	0	0	0	(-0.9696589373497595-6.172199697968034e-31j)
0	0	1	0	(-4.180450575783833e-44+1.5855422323489215e-13j)
0	1	0	0	(-1.021288250350901e-14-1.5854947265003947e-13j)
0	1	1	0	(-0.9696589373493024-2.5335707682690917e-14j)
-1	-1	-1	-1	-1
94	1	2	2	1
0	0	0	0	(-0.9696589371809614+1.6728336233329993e-31j)
0	0	1	0	(5.495296612779857e-45+7.690119343100912e-14j)
0	1	0	0	(-4.905969060496827e-16-7.69003069849376e-14j)
0	1	1	0	(-0.9696589371804998-4.262076677840248e-16j)
-1	-1	-1	-1	-1
95	1	2	2	1
0	0	0	0	(-0.969658937180909+0j)
0	0	1	0	(8.308040575777036e-59+1.5035332376804303e-13j)
0	1	0	0	(-5.935861513026062e-16-1.503476156290926e-13j)
0	1	1	0	(-0.9696589371805524+5.734031122826667e-15j)
-1	-1	-1	-1	-1
96	1	2	2	1
0	0	0	0	(-0.9696589368998989+0j)
0	0	1	0	(-4.686775249507142e-59+2.1953988460255898e-13j)
0	1	0	0	(-2.593155889044907e-15-2.1953307821544515e-13j)
0	1	1	0	(-0.9696589368993667-6.09671770841339e-15j)
-1	-1	-1	-1	-1
97	1	2	2	1
0	0	0	0	(-0.9696589365324713+0j)
0	0	1	0	(-3.413752810508212e-58+2.5294705910177384e-13j)
0	1	0	0	(1.2827280816601069e-15-2.529378867829813e-13j)
0	1	1	0	(-0.969658936531935+1.2837257243436796e-15j)
-1	-1	-1	-1	-1
98	1	2	2	1
0	0	0	0	(-0.9696589360727187+0j)
0	0	1	0	(-9.942891285753091e-59+2.5458819108451165e-13j)
0	1	0	0	(-7.27307532179231e-16-2.545836806082694e-13j)
0	1	1	0	(-0.9696589360721604-4.145653198032709e-15j)
-1	-1	-1	-1	-1
99	1	2	2	1
0	0	0	0	(-0.9696589355216224+0j)
0	0	1	0	(-1.0739939411008968e-58+1.6199007970044585e-13j)
0	1	0	0	(-1.2475560730597812e-15-1.619855540633266e-13j)
0	1	1	0	(-0.9696589355211697-6.325217222291622e-15j)
-1	-1	-1	-1	-1
100	1	2	2	1
0	0	0	0	(-0.9696589348905371+0j)
0	0	1	0	(-1.0765376755455164e-15+1.523818822889808e-12j)
0	1	0	0	(2.8301780884407175e-15-1.5229764612111161e-12j)
0	1	1	0	(-0.9696589348874175+5.775413540507156e-15j)
-1	-1	-1	-1	-1
101	1	2	2	1
0	0	0	0	(0.9696589341868094+0j)
0	0	1	0	(-6.809804419962195e-60-1.7962861347965856e-13j)
0	1	0	0	(-3.119250728171189e-15+1.7962189080823394e-13j)
0	1	1	0	(0.9696589341864862-6.9003714249175154e-15j)
-1	-1	-1	-1	-1
102	1	2	2	1
0	0	0	0	(-0.9696589334082407+0j)
0	0	1	0	(-4.449893889165023e-59+2.6948254257501274e-13j)
0	1	0	0	(-2.898832890005523e-16-2.6947607260765047e-13j)
0	1	1	0	(-0.9696589334077069+3.6358029068080005e-15j)
-1	-1	-1	-1	-1
103	1	2	2	1
0	0	0	0	(0.9696589325032049+0j)
0	0	1	0	(-1.8520502342149932e-58-2.024927832112748e-13j)
0	1	0	0	(3.635383518207524e-15+2.0248762602066158e-13j)
0	1	1	0	(0.9696589325026312+7.184643507955679e-15j)
-1	-1	-1	-1	-1
104	1	2	2	1
0	0	0	0	(0.9696589301692495+0j)
0	0	1	0	-4.104744170729103e-14j
0	1	0	0	(-1.8202707027550724e-15+4.105093246464683e-14j)
0	1	1	0	(0.969658930168965-9.811469472237833e-15j)
-1	-1	-1	-1	-1
105	1	2	2	1
0	0	0	0	(-0.9696589301693627-9.513564254547682e-19j)
0	0	1	0	(-7.50243218009813e-19+1.90777493897468e-13j)
0	1	0	0	(2.2954754502740515e-15-1.9077406124919977e-13j)
0	1	1	0	(-0.9696589301688523+3.001529521930397e-15j)
-1	-1	-1	-1	-1
106	1	2	2	1
0	0	0	0	(-0.9696589292041256-9.15370623708954e-32j)
0	0	1	0	(-1.1480259398107645e-44+2.935955148108135e-13j)
0	1	0	0	(2.6043558750335253e-15-2.935916848774906e-13j)
0	1	1	0	(-0.9696589292034964+1.3128343280941222e-14j)
-1	-1	-1	-1	-1
107	1	2	2	1
0	0	0	0	(-0.9696589281599015+3.3122668476476165e-31j)
0	0	1	0	(2.282280843209536e-44+1.61301517460156e-13j)
0	1	0	0	(-3.219482016866201e-15-1.612934971561291e-13j)
0	1	1	0	(-0.96965892815946-2.5907541985634324e-15j)
-1	-1	-1	-1	-1
108	1	2	2	1
0	0	0	0	(-0.9696589270395036-5.409594966961415e-32j)
0	0	1	0	(4.306150667324781e-16+3.452072520544376e-13j)
0	1	0	0	(1.4777005533762798e-16-3.4556369342066943e-13j)
0	1	1	0	(-0.9696589270382545-4.209975578197584e-15j)
-1	-1	-1	-1	-1
109	1	2	2	1
0	0	0	0	(-3.0449083339498044e-16+4.729963632732844e-18j)
0	0	1	0	(-0.37511366738633195+0.8941633905632517j)
0	1	0	0	(-0.3751136673863057+0.8941633905632128j)
0	1	1	0	(-1.542846829533894e-14-1.4557911539606974e-14j)
-1	-1	-1	-1	-1
110	1	2	2	1
0	0	0	0	(-0.9696589246189138-1.214007843798868e-31j)
0	0	1	0	(-9.999254811457987e-45+1.9281500467339277e-13j)
0	1	0	0	(1.840136345874833e-15-1.9280619782809093e-13j)
0	1	1	0	(-0.9696589246184536-6.429098128476622e-16j)
-1	-1	-1	-1	-1
111	1	2	2	1
0	0	0	0	(-0.9696589233762544+5.791994773140481e-31j)
0	0	1	0	(5.421363054850798e-44+2.191164657678276e-13j)
0	1	0	0	(-2.4815188834109276e-15-2.1910643995126513e-13j)
0	1	1	0	(-0.969658923375744-5.5028718304039574e-15j)
-1	-1	-1	-1	-1
112	1	2	2	1
0	0	0	0	(-0.9696589221789098+2.280625625258522e-31j)
0	0	1	0	(1.7985425585547044e-44+1.8461262704676811e-13j)
0	1	0	0	(-4.652091035355639e-15-1.846087229491128e-13j)
0	1	1	0	(-0.9696589221784706-8.336664068213732e-15j)
-1	-1	-1	-1	-1
113	1	2	2	1
0	0	0	0	(-0.9696589211084706+9.361348033903035e-33j)
0	0	1	0	(1.8018839221992554e-46+4.5059161042072475e-14j)
0	1	0	0	(8.752937554638289e-16-4.506324493546496e-14j)
0	1	1	0	(-0.9696589211081625+4.475180751893109e-15j)
-1	-1	-1	-1	-1
114	1	2	2	1
0	0	0	0	(0.9696589211085699+0j)
0	0	1	0	(1.688785381891664e-59-1.878124715756338e-13j)
0	1	0	0	(1.829733125618243e-16+1.878088007314642e-13j)
0	1	1	0	(0.9696589211080635+2.0709054945145488e-15j)
-1	-1	-1	-1	-1
115	1	2	2	1
0	0	0	0	(-0.9696589194569801+0j)
0	0	1	0	(-9.635272737963516e-59+1.0365075057923163e-13j)
0	1	0	0	(3.1439068605558172e-15-1.0365172373608608e-13j)
0	1	1	0	(-0.969658919456689+5.538386490504263e-15j)
-1	-1	-1	-1	-1
116	1	2	2	1
0	0	0	0	(-0.9696589176708531+0j)
0	0	1	0	(1.8014271104772184e-59+2.0220956186045212e-13j)
0	1	0	0	(1.0143917652695173e-15-2.022006231023315e-13j)
0	1	1	0	(-0.9696589176703734+3.7746334047749085e-15j)
-1	-1	-1	-1	-1
117	1	2	2	1
0	0	0	0	(-0.9696589157654468+0j)
0	0	1	0	(6.048145998344321e-60+2.256647728344645e-13j)
0	1	0	0	(2.1941415297946184e-15-2.2565333158381174e-13j)
0	1	1	0	(-0.9696589157649524-2.4084429125046153e-16j)
-1	-1	-1	-1	-1
118	1	2	2	1
0	0	0	0	(-0.9696589137771481+0j)
0	0	1	0	(-1.5641923323651336e-58+1.872693048039774e-13j)
0	1	0	0	(-1.5010181493557705e-15-1.8726650653371598e-13j)
0	1	1	0	(-0.9696589137766928+1.6386150558616723e-15j)
-1	-1	-1	-1	-1
119	1	2	2	1
0	0	0	0	(-0.9696589117615316+0j)
0	0	1	0	(-3.0143054196280457e-15+1.5049173598031124e-12j)
0	1	0	0	(6.377813727053428e-15-1.5048957740637517e-12j)
0	1	1	0	(-0.9696589117584095+1.3803701680917752e-14j)
-1	-1	-1	-1	-1
120	1	2	2	1
0	0	0	0	(-0.9696589097574612+0j)
0	0	1	0	(-2.0146156523691475e-58+2.405195764767664e-13j)
0	1	0	0	(-9.737533732843195e-16-2.4051342982175975e-13j)
0	1	1	0	(-0.9696589097568984-2.575087174230389e-15j)
-1	-1	-1	-1	-1
121	1	2	2	1
0	0	0	0	(-0.9696589077438025+0j)
0	0	1	0	(3.2703947497816663e-59+2.0392048696785214e-13j)
0	1	0	0	(1.083292156727028e-15-2.0391516160107274e-13j)
0	1	1	0	(-0.9696589077433481+1.4157525561453276e-14j)
-1	-1	-1	-1	-1
122	1	2	2	1
0	0	0	0	(-0.9696589055740215+0j)
0	0	1	0	(1.2058332782933904e-58+1.8095304002290596e-13j)
0	1	0	0	(-1.0966662379549582e-15-1.809518238788206e-13j)
0	1	1	0	(-0.9696589055735699+8.37193664662752e-15j)
-1	-1	-1	-1	-1
123	1	2	2	1
0	0	0	0	(0.9696589003976382+0j)
0	0	1	0	-4.347219502335666e-14j
0	1	0	0	(-1.2803821589213164e-15+4.347336518368154e-14j)
0	1	1	0	(0.9696589003973732-2.863997881274002e-15j)
-1	-1	-1	-1	-1
124	1	2	2	1
0	0	0	0	(-0.9696589003978361-5.083559559799956e-28j)
0	0	1	0	(1.0167346569358285e-18+3.120147550835331e-13j)
0	1	0	0	(-1.662774627992952e-15-3.1201549403841486e-13j)
0	1	1	0	(-0.9696589003971754-4.0718058754836626e-15j)
-1	-1	-1	-1	-1
125	1	2	2	1
0	0	0	0	(-0.9696588983859727-4.0769562900810255e-31j)
0	0	1	0	(-2.7129051667756903e-44+1.5577337517724791e-13j)
0	1	0	0	(2.4247180281856712e-15-1.5576979718111417e-13j)
0	1	1	0	(-0.9696588983854931+1.4170717520193528e-14j)
-1	-1	-1	-1	-1
126	1	2	2	1
0	0	0	0	(-0.9696588962675944+1.5777466471846323e-31j)
0	0	1	0	(1.5998459197153773e-44+2.373753202725876e-13j)
0	1	0	0	(-1.4975457225968606e-16-2.3736677400923123e-13j)
0	1	1	0	(-0.969658896267021+8.6021138519114e-17j)
-1	-1	-1	-1	-1
127	1	2	2	1
0	0	0	0	(-0.9696588940536202-2.296946084714554e-31j)
0	0	1	0	(-1.464353306740189e-44+1.4924154680401048e-13j)
0	1	0	0	(2.7020459961522723e-15-1.4919591776261436e-13j)
0	1	1	0	(-0.9696588940531662+3.1777220661141815e-15j)
-1	-1	-1	-1	-1
128	1	2	2	1
0	0	0	0	(-6.089816453854161e-16-2.0366128447038862e-17j)
0	0	1	0	(-0.6373345510538203-0.7307824822896066j)
0	1	0	0	(-0.6373345510538233-0.7307824822896579j)
0	1	1	0	(-2.0866322540636617e-14+1.7475899627533623e-14j)
-1	-1	-1	-1	-1
129	1	2	2	1
0	0	0	0	(-0.969658889462352-1.3707475559363543e-31j)
0	0	1	0	(1.0765376251103303e-15+1.1872927277731677e-12j)
0	1	0	0	(4.145638967257936e-15-1.1896288506192356e-12j)
0	1	1	0	(-0.9696588894594403+3.751726522948219e-15j)
-1	-1	-1	-1	-1
130	1	2	2	1
0	0	0	0	(-0.9696588871942449+2.850365456843373e-31j)
0	0	1	0	(3.0143053432599006e-15+8.758952569436737e-13j)
0	1	0	0	(-2.330317719311136e-15-8.763506094533752e-13j)
0	1	1	0	(-0.96965888719187-3.1041030697767996e-15j)
-1	-1	-1	-1	-1
131	1	2	2	1
0	0	0	0	(-0.9696588850612032+3.2540464680606e-32j)
0	0	1	0	(1.6653898516939255e-45+1.1980827910215916e-13j)
0	1	0	0	(-1.7429233623742127e-15-1.1980680088917846e-13j)
0	1	1	0	(-0.9696588850608289-5.227479672962374e-15j)
-1	-1	-1	-1	-1
132	1	2	2	1
0	0	0	0	(-0.9696588831962618-5.68815551657806e-31j)
0	0	1	0	(-2.1984143408069805e-45+9.047586679406122e-15j)
0	1	0	0	(1.0986712788263412e-15-9.0506944963741e-15j)
0	1	1	0	(-0.9696588831961793+6.0143134831664954e-15j)
-1	-1	-1	-1	-1
133	1	2	2	1
0	0	0	0	(0.9696588831963283+0j)
0	0	1	0	(-5.110038442238278e-61-9.604371973644422e-14j)
0	1	0	0	(-1.5231473753419174e-15+9.604487580189241e-14j)
0	1	1	0	(0.9696588831961126-4.2377095407460645e-15j)
-1	-1	-1	-1	-1
134	1	2	2	1
0	0	0	0	(-0.9696588803663512+0j)
0	0	1	0	(-3.962371469240267e-61+5.387806561174854e-14j)
0	1	0	0	(5.099947440699027e-15-5.388114579407482e-14j)
0	1	1	0	(-0.9696588803661984+1.1019368194710546e-14j)
-1	-1	-1	-1	-1
135	1	2	2	1
0	0	0	0	(-0.9696588774631709+0j)
0	0	1	0	(-6.201292380318979e-59+1.2211667559500339e-13j)
0	1	0	0	(-5.9236588805762525e-15-1.221130786341702e-13j)
0	1	1	0	(-0.9696588774628331-1.2209115202803537e-14j)
-1	-1	-1	-1	-1
136	1	2	2	1
0	0	0	0	(-0.9696588745802672+0j)
0	0	1	0	(-1.0488401821529041e-60+1.3878156489021727e-13j)
0	1	0	0	(4.99350000423424e-15-1.3877680597935613e-13j)
0	1	1	0	(-0.9696588745799977+9.315857083050365e-15j)
-1	-1	-1	-1	-1
137	1	2	2	1
0	0	0	0	(-0.9696588718722211+0j)
0	0	1	0	(-3.825269551353572e-60+1.0409912968949975e-13j)
0	1	0	0	(4.492969658301088e-15-1.0409918140623697e-13j)
0	1	1	0	(-0.9696588718719147+6.254868062408966e-15j)
-1	-1	-1	-1	-1
138	1	2	2	1
0	0	0	0	(-1.2262709231900852e-15+0j)
0	0	1	0	(-0.5771489303814803-0.7791902434328388j)
0	1	0	0	(-0.5771489303814855-0.7791902434328201j)
0	1	1	0	(4.556481715843337e-14-5.995268147630823e-14j)
-1	-1	-1	-1	-1
139	1	2	2	1
0	0	0	0	(-6.239251462272387e-16+0j)
0	0	1	0	(-0.8500122648830187-0.4666020462215143j)
0	1	0	0	(-0.8500122648829435-0.46660204622145757j)
0	1	1	0	(-4.2342780974851495e-15+1.1262026455082087e-14j)
-1	-1	-1	-1	-1
140	1	2	2	1
0	0	0	0	(-0.9696588668979518+0j)
0	0	1	0	(9.499256194292253e-59+7.142334429985542e-14j)
0	1	0	0	(-4.022696235411457e-15-7.142371028676145e-14j)
0	1	1	0	(-0.9696588668977014-1.1913804911947304e-14j)
-1	-1	-1	-1	-1
141	1	2	2	1
0	0	0	0	(-0.9696588667698509+0j)
0	0	1	0	(-4.250545623440673e-59+1.5515764809397309e-13j)
0	1	0	0	(-1.220674510435902e-15-1.551547104391608e-13j)
0	1	1	0	(-0.9696588667695203+5.8645168255127445e-15j)
-1	-1	-1	-1	-1
142	1	2	2	1
0	0	0	0	(0.9696588692417901+0j)
0	0	1	0	-5.832985065377304e-15j
0	1	0	0	(-6.858568285161282e-17+5.836035732025398e-15j)
0	1	1	0	(0.9696588692417422-1.0187284987867431e-15j)
-1	-1	-1	-1	-1
143	1	2	2	1
0	0	0	0	(-0.9696588692419748+5.079463455430423e-30j)
0	0	1	0	(-2.5264046010295902e-18+1.6263717110962174e-13j)
0	1	0	0	(6.107015105154763e-15-1.6263604372690515e-13j)
0	1	1	0	(-0.9696588692415578+1.0104115285431397e-14j)
-1	-1	-1	-1	-1
144	1	2	2	1
0	0	0	0	(-0.9696588708341155+2.4738492398079653e-31j)
0	0	1	0	(2.0039892766230431e-44+1.8963426992834828e-13j)
0	1	0	0	(2.521195932600608e-15-1.8963143223348505e-13j)
0	1	1	0	(-0.9696588708336329+8.57640953945192e-15j)
-1	-1	-1	-1	-1
145	1	2	2	1
0	0	0	0	(-0.9696588726704664+3.178535396416364e-32j)
0	0	1	0	(2.5825289235298166e-45+1.9020100314257818e-13j)
0	1	0	0	(-2.927402134738571e-15-1.901960397428535e-13j)
0	1	1	0	(-0.9696588726699379-3.9660214285631556e-15j)
-1	-1	-1	-1	-1
146	1	2	2	1
0	0	0	0	(-0.9696588746955823-1.8493382537854181e-31j)
0	0	1	0	(-2.0463842159972532e-44+2.5903919761971995e-13j)
0	1	0	0	(3.0157572365552417e-15-2.590351982910343e-13j)
0	1	1	0	(-0.9696588746949764+9.270609046934547e-15j)
-1	-1	-1	-1	-1
147	1	2	2	1
0	0	0	0	(-0.9696588768433968-2.6951849836498674e-32j)
0	0	1	0	(-2.1744959247644953e-45+1.8887074036788767e-13j)
0	1	0	0	(-1.0589901967884156e-15-1.8886686958244858e-13j)
0	1	1	0	(-0.9696588768429949-1.173943286480886e-15j)
-1	-1	-1	-1	-1
148	1	2	2	1
0	0	0	0	(-0.9696588790376597+5.625773172075044e-32j)
0	0	1	0	(2.701445347012245e-45+1.1241095359317473e-13j)
0	1	0	0	(-7.7027304948915935e-16-1.1241473810803118e-13j)
0	1	1	0	(-0.9696588790372376-1.8588152962766753e-15j)
-1	-1	-1	-1	-1
149	1	2	2	1
0	0	0	0	(-0.9696588811915132+1.1267190894388882e-32j)
0	0	1	0	(4.3061504637103797e-16+1.503863344686851e-12j)
0	1	0	0	(3.0289678477117703e-16-1.5038668065105848e-12j)
0	1	1	0	(-0.9696588811883677+2.447448674437455e-16j)
-1	-1	-1	-1	-1
150	1	2	2	1
0	0	0	0	(-0.9696588831980557-1.41530113324474e-35j)
0	0	1	0	(-9.970670409754256e-49+1.6491880218680264e-13j)
0	1	0	0	(-8.326724761300974e-21-1.6491553046562607e-13j)
0	1	1	0	(-0.9696588831974612-2.526958180959909e-19j)
-1	-1	-1	-1	-1
151	1	2	2	1
0	0	0	0	(-0.9696588849360313-2.554163955903285e-35j)
0	0	1	0	(-1.2206198701292515e-48+1.1187326938958775e-13j)
0	1	0	0	(5.19331487609115e-20-1.1187173480765801e-13j)
0	1	1	0	(-0.9696588849355673+3.6416519052554365e-19j)
-1	-1	-1	-1	-1
152	1	2	2	1
0	0	0	0	(0.9696588849360495+0j)
0	0	1	0	(7.560626462363639e-59-1.7578025407223116e-13j)
0	1	0	0	(1.586305853598973e-19+1.7577579458765278e-13j)
0	1	1	0	(0.9696588849355487+3.640325804844105e-19j)
-1	-1	-1	-1	-1
153	1	2	2	1
0	0	0	0	(-0.9696588875497942+0j)
0	0	1	0	(-2.052468193009762e-59+2.353604354367176e-13j)
0	1	0	0	(-1.7398796766360747e-19-2.353543333753245e-13j)
0	1	1	0	(-0.9696588875491696-9.644816780980467e-20j)
-1	-1	-1	-1	-1
154	1	2	2	1
0	0	0	0	(-0.9696588901482879+0j)
0	0	1	0	(-7.814982751501481e-59+2.323547345660567e-13j)
0	1	0	0	(-5.92046265091508e-20-2.3234722776707135e-13j)
0	1	1	0	(-0.9696588901477059-5.425113767228764e-19j)
-1	-1	-1	-1	-1
155	1	2	2	1
0	0	0	0	(-0.9696588926246397+0j)
0	0	1	0	(-2.711703862932535e-59+2.7902676552139924e-13j)
0	1	0	0	(2.5525934120144253e-19-2.7902365131470896e-13j)
0	1	1	0	(-0.9696588926240628-1.9349957772959533e-19j)
-1	-1	-1	-1	-1
156	1	2	2	1
0	0	0	0	(-0.9696588948723447+0j)
0	0	1	0	(3.4061210716683e-60+2.2551366303294265e-13j)
0	1	0	0	(2.685720511032654e-19-2.255078099595464e-13j)
0	1	1	0	(-0.9696588948718233+1.1368999098350354e-18j)
-1	-1	-1	-1	-1
157	1	2	2	1
0	0	0	0	(-0.9696588968089261+0j)
0	0	1	0	(-4.607321301071451e-60+2.279887171423808e-13j)
0	1	0	0	(3.7112896316562616e-16-2.279809665730494e-13j)
0	1	1	0	(-0.9696588968084452+1.6677364219905519e-15j)
-1	-1	-1	-1	-1
158	1	2	2	1
0	0	0	0	(-0.9696588984117364+0j)
0	0	1	0	(-1.880138428416463e-58+2.506132386381271e-13j)
0	1	0	0	(-8.463303941943818e-16-2.5060750806445314e-13j)
0	1	1	0	(-0.9696588984111558-8.338880962288929e-16j)
-1	-1	-1	-1	-1
159	1	2	2	1
0	0	0	0	(-0.9696588997508496+0j)
0	0	1	0	(2.3956567716581553e-59+3.0253722172255517e-13j)
0	1	0	0	(-4.7413463032601666e-20-3.02534690965199e-13j)
0	1	1	0	(-0.9696588997502972+7.437214958323939e-20j)
-1	-1	-1	-1	-1
160	1	2	2	1
0	0	0	0	(-0.9696589009879917+0j)
0	0	1	0	(1.2375418899015497e-58+2.307064501924327e-13j)
0	1	0	0	(-4.184721879740114e-20-2.306991923817784e-13j)
0	1	1	0	(-0.9696589009874061+1.932861616181174e-19j)
-1	-1	-1	-1	-1
161	1	2	2	1
0	0	0	0	(0.969658903554147+0j)
0	0	1	0	-8.04064656226981e-14j
0	1	0	0	(4.724999624353615e-28+8.040502985409603e-14j)
0	1	1	0	(0.9696589035536458+1.5910460808589209e-28j)
-1	-1	-1	-1	-1
162	1	2	2	1
0	0	0	0	(-0.9696589035541631+1.4138791261192464e-30j)
0	0	1	0	(2.581869401252689e-22+2.0652641996912458e-13j)
0	1	0	0	(-4.856383168214148e-19-2.0652013307953236e-13j)
0	1	1	0	(-0.9696589035536295-1.0326282299283016e-18j)
-1	-1	-1	-1	-1
163	1	2	2	1
0	0	0	0	(-0.9696589044769658+2.426983708060459e-37j)
0	0	1	0	(1.6371038243804372e-50+1.5790796472369998e-13j)
0	1	0	0	(-1.304961233505189e-19-1.579047043689117e-13j)
0	1	1	0	(-0.9696589044765733+3.729286716084595e-20j)
-1	-1	-1	-1	-1
164	1	2	2	1
0	0	0	0	(-0.9696589054276427+2.0129745850553258e-36j)
0	0	1	0	(1.4118467117292552e-49+1.6418895197746715e-13j)
0	1	0	0	(9.544287420139319e-20-1.641844985148071e-13j)
0	1	1	0	(-0.9696589054272075+4.449939923269973e-20j)
-1	-1	-1	-1	-1
165	1	2	2	1
0	0	0	0	(-0.9696589064056769-3.717984206004009e-36j)
0	0	1	0	(-2.5679312920471845e-49+1.6168529938400054e-13j)
0	1	0	0	(9.998876718655637e-20-1.616825591844988e-13j)
0	1	1	0	(-0.9696589064052603-1.710468844233878e-19j)
-1	-1	-1	-1	-1
166	1	2	2	1
0	0	0	0	(-0.9696589074047459+5.5190383079598474e-36j)
0	0	1	0	(3.383452130808853e-49+1.4351302032066097e-13j)
0	1	0	0	(-4.033677480127809e-20-1.4351303813606867e-13j)
0	1	1	0	(-0.9696589074043909+2.378794978264413e-19j)
-1	-1	-1	-1	-1
167	1	2	2	1
0	0	0	0	(-0.9696589084107524+2.863624569577861e-36j)
0	0	1	0	(1.807110068349993e-49+1.4772813061822892e-13j)
0	1	0	0	(-9.998056874417564e-20-1.4772267428554257e-13j)
0	1	1	0	(-0.9696589084103959-1.5598196841867533e-19j)
-1	-1	-1	-1	-1
168	1	2	2	1
0	0	0	0	(-0.9696589093992787+7.935714347236861e-36j)
0	0	1	0	(5.536336523427914e-49+1.6331690141208125e-13j)
0	1	0	0	(1.552542596618964e-20-1.633118459457726e-13j)
0	1	1	0	(-0.969658909398925-1.1893510512687251e-19j)
-1	-1	-1	-1	-1
169	1	2	2	1
0	0	0	0	(-0.9696589103322943-1.6457967702834017e-36j)
0	0	1	0	(-7.283582398819341e-50+1.0360089541409928e-13j)
0	1	0	0	(1.8188191658704158e-20-1.0359862899051464e-13j)
0	1	1	0	(-0.9696589103320449+8.917149628438126e-20j)
-1	-1	-1	-1	-1
170	1	2	2	1
0	0	0	0	(-0.969658911153368-2.4198024412008318e-45j)
0	0	1	0	(-2.662903039436198e-59+2.557848613950215e-14j)
0	1	0	0	(-4.868772227263218e-28-2.5580168796453068e-14j)
0	1	1	0	(-0.96965891115322-5.813437648700418e-29j)
-1	-1	-1	-1	-1
171	1	2	2	1
0	0	0	0	(0.9696589111534619+0j)
0	0	1	0	(5.727412870478795e-61-5.570098499734494e-14j)
0	1	0	0	(5.012248152313103e-28+5.5699680598261224e-14j)
0	1	1	0	(0.9696589111531263+1.4686579323031217e-28j)
-1	-1	-1	-1	-1
172	1	2	2	1
0	0	0	0	(-0.9696589124072614+0j)
0	0	1	0	(-2.9028133626673822e-59+7.444103382163142e-14j)
0	1	0	0	(-5.35370347903006e-28-7.444239768050752e-14j)
0	1	1	0	(-0.9696589124068135-2.937315868403945e-28j)
-1	-1	-1	-1	-1
173	1	2	2	1
0	0	0	0	(-0.9696589137248495+0j)
0	0	1	0	(-3.0287351698280303e-60+4.107703588984558e-14j)
0	1	0	0	(-5.085693851222218e-28-4.1077604474064966e-14j)
0	1	1	0	(-0.969658913724578-1.5298520168727872e-28j)
-1	-1	-1	-1	-1
174	1	2	2	1
0	0	0	0	(-0.969658915095854+0j)
0	0	1	0	(3.9005353662918294e-60+6.518343078590566e-14j)
0	1	0	0	(-5.433224696653013e-28-6.518286591793083e-14j)
0	1	1	0	(-0.9696589150954906-8.68955946812281e-28j)
-1	-1	-1	-1	-1
175	1	2	2	1
0	0	0	0	(-0.969658916496503+0j)
0	0	1	0	(-3.078073783014962e-60+4.5407570019882306e-14j)
0	1	0	0	(-5.165485431303521e-28-4.5410130506964106e-14j)
0	1	1	0	(-0.9696589164961764-2.141792829743838e-28j)
-1	-1	-1	-1	-1
176	1	2	2	1
0	0	0	0	(-0.9696589178898115+0j)
0	0	1	0	(-4.133858395172102e-60+7.629880954268368e-14j)
0	1	0	0	(-5.304481986739144e-28-7.629938184313511e-14j)
0	1	1	0	(-0.9696589178893914-4.161197503766875e-28j)
-1	-1	-1	-1	-1
177	1	2	2	1
0	0	0	0	(-0.9696589192351315+0j)
0	0	1	0	(-1.2315737347982994e-60+5.859595852787038e-14j)
0	1	0	0	(-5.191232537512858e-28-5.859623352939569e-14j)
0	1	1	0	(-0.9696589192347788-3.3044803752233184e-28j)
-1	-1	-1	-1	-1
178	1	2	2	1
0	0	0	0	(-0.9696589205098942+0j)
0	0	1	0	(1.9862519380097188e-60+5.855775168885144e-14j)
0	1	0	0	(-4.939368345488563e-28-5.855659222302538e-14j)
0	1	1	0	(-0.9696589205095545-2.5701514063303553e-28j)
-1	-1	-1	-1	-1
179	1	2	2	1
0	0	0	0	(0.9696589217059775+0j)
0	0	1	0	(-1.3133905348998473e-60-5.3062741870195104e-14j)
0	1	0	0	(5.2118594204621505e-28+5.306307261526216e-14j)
0	1	1	0	(0.9696589217057184+2.2029869224293212e-28j)
-1	-1	-1	-1	-1
