0	1	2	2	1
0	0	0	0	(-0.5308253249507224-0.840921350049616j)
0	0	1	0	(-2.4630677479516833e-18+1.3226460517228544e-18j)
0	1	0	0	(3.2286485584946702e-18-1.805913228244663e-18j)
0	1	1	0	(-0.530825324950722-0.8409213500496147j)
-1	-1	-1	-1	-1
1	1	2	2	1
0	0	0	0	(-0.9944467017283063+0j)
0	0	1	0	5.772580377809702e-19j
0	1	0	0	(-4.259009720387679e-27-8.059090328894533e-19j)
0	1	1	0	(-0.9944467017283066-7.8943017054359e-17j)
-1	-1	-1	-1	-1
2	1	2	2	1
0	0	0	0	(-0.9918000833158499+0j)
0	0	1	0	1.1052228338245716e-18j
0	1	0	0	(1.3009558354679895e-19-9.982775655949097e-19j)
0	1	1	0	(-0.9918000833158496+2.363116298048712e-16j)
-1	-1	-1	-1	-1
3	1	2	2	1
0	0	0	0	(0.9879613536328541+0j)
0	0	1	0	2.099343181773008e-19j
0	1	0	0	(1.9580787797934918e-19+2.3979974855625545e-19j)
0	1	1	0	(0.9879613536328544+7.832249927794373e-17j)
-1	-1	-1	-1	-1
4	1	2	2	1
0	0	0	0	(-0.9879613536328533+4.224503945275927e-31j)
0	0	1	0	(1.9773281892366357e-19-5.541477739253388e-18j)
0	1	0	0	(-3.954694002029003e-19+4.642001031513606e-18j)
0	1	1	0	(-0.9879613536328544-7.909198175478562e-17j)
-1	-1	-1	-1	-1
5	1	2	2	1
0	0	0	0	(-0.9839384824300711-1.6722237376136242e-32j)
0	0	1	0	(-4.3581825668731473e-51+6.190912513541291e-19j)
0	1	0	0	(1.0201404559027587e-18-1.4109231285227006e-18j)
0	1	1	0	(-0.9839384824300716+3.19642195935027e-16j)
-1	-1	-1	-1	-1
6	1	2	2	1
0	0	0	0	(-0.9791787965831175-2.643492748695405e-34j)
0	0	1	0	(-4.169060584148613e-52+3.728187695180357e-18j)
0	1	0	0	(7.232166967511785e-20-4.1771820063721395e-18j)
0	1	1	0	(-0.9791787965831162-2.908761684730134e-17j)
-1	-1	-1	-1	-1
7	1	2	2	1
0	0	0	0	(-0.9791787965831171+0j)
0	0	1	0	3.94896504274578e-25j
0	1	0	0	(-2.055060467134675e-19-1.3372070563163428e-18j)
0	1	1	0	(-0.9791787965831168+1.0275322695132212e-21j)
-1	-1	-1	-1	-1
8	1	2	2	1
0	0	0	0	(-0.9700832006823248+0j)
0	0	1	0	4.126499043897449e-18j
0	1	0	0	(5.4728366008807764e-21-5.74363892445455e-18j)
0	1	1	0	(-0.970083200682322+8.379155298829109e-17j)
-1	-1	-1	-1	-1
9	1	2	2	1
0	0	0	0	(0.9564527042835042+0j)
0	0	1	0	-2.348866094748746e-18j
0	1	0	0	(-2.6627738934301943e-19+4.068113147002813e-18j)
0	1	1	0	(0.9564527042835033+8.523753749114862e-17j)
-1	-1	-1	-1	-1
10	1	2	2	1
0	0	0	0	(0.9221201584184612+0j)
0	0	1	0	6.756463730173976e-19j
0	1	0	0	(2.0175316526260202e-19-1.883373781665842e-20j)
0	1	1	0	(0.9221201584184613+8.070059403751188e-17j)
-1	-1	-1	-1	-1
11	1	2	2	1
0	0	0	0	(-0.9221201584184606-3.0050713777505754e-31j)
0	0	1	0	(2.1078179881912442e-19-9.267566054336344e-18j)
0	1	0	0	(-4.215676058461374e-19+8.057624502648193e-18j)
0	1	1	0	(-0.9221201584184618-8.431149697032647e-17j)
-1	-1	-1	-1	-1
12	1	2	2	1
0	0	0	0	(-0.9064239395834073+5.5416205024853945e-33j)
0	0	1	0	(-3.5418316327714974e-51-1.3986150057958533e-18j)
0	1	0	0	(-1.3712810014349674e-19-4.757750305582528e-19j)
0	1	1	0	(-0.9064239395834075+6.8564186263827115e-22j)
-1	-1	-1	-1	-1
13	1	2	2	1
0	0	0	0	(-0.8899178096419607+1.1754666129932684e-32j)
0	0	1	0	(-1.2577791090031724e-50-2.298897787875396e-18j)
0	1	0	0	(-7.797883231229634e-20+1.0496199580593603e-18j)
0	1	1	0	(-0.8899178096419618-7.86340594157215e-17j)
-1	-1	-1	-1	-1
14	1	2	2	1
0	0	0	0	(0.8899178096419615+0j)
0	0	1	0	-1.8682813365263507e-18j
0	1	0	0	(6.056047653171449e-19+1.9683658447281547e-18j)
0	1	1	0	(0.8899178096419607+2.133188506708677e-16j)
-1	-1	-1	-1	-1
15	1	2	2	1
0	0	0	0	(-0.8616710235656119+0j)
0	0	1	0	-1.0382701142849249e-17j
0	1	0	0	(2.095174970847761e-19+8.874981592659548e-18j)
0	1	1	0	(-0.8616710235656129-1.0259202620950612e-16j)
-1	-1	-1	-1	-1
16	1	2	2	1
0	0	0	0	(-0.8274664130385145+0j)
0	0	1	0	-4.196142981565292e-18j
0	1	0	0	(-7.329419801044747e-19+7.18026443362248e-18j)
0	1	1	0	(-0.8274664130385159-2.1934736797849757e-16j)
-1	-1	-1	-1	-1
17	1	2	2	1
0	0	0	0	(0.7887471342895069+0j)
0	0	1	0	(1.751370458190639e-16-1.3317499926428777e-16j)
0	1	0	0	(-1.356787989162151e-19+2.3024782694908225e-18j)
0	1	1	0	(0.7887471342895057-9.317446049101059e-33j)
-1	-1	-1	-1	-1
18	1	2	2	1
0	0	0	0	(6.192029636781961e-16-5.22567952316111e-16j)
0	0	1	0	(-0.5057748127212327-0.605238697264733j)
0	1	0	0	(-0.505774812721232-0.6052386972647321j)
0	1	1	0	(2.385054408439152e-17-1.0225251434144512e-18j)
-1	-1	-1	-1	-1
19	1	2	2	1
0	0	0	0	-4.581717667256441e-17j
0	0	1	0	(0.4169977361873158-0.6597447769915127j)
0	1	0	0	(0.41699773618731556-0.6597447769915122j)
0	1	1	0	(2.7623967238725706e-18+1.559017938007738e-18j)
-1	-1	-1	-1	-1
20	1	2	2	1
0	0	0	0	(3.6456066233216317e-16-2.0630289003408774e-17j)
0	0	1	0	(-0.7739684285407236-0.00046025084612061134j)
0	1	0	0	(-0.7739684285407236-0.0004602508461206109j)
0	1	1	0	(-7.998901975301622e-21+4.97979385846766e-19j)
-1	-1	-1	-1	-1
21	1	2	2	1
0	0	0	0	(-4.177800914595152e-16+0j)
0	0	1	0	(0.49559803608618297-0.5944829071017573j)
0	1	0	0	(0.49559803608618336-0.5944829071017579j)
0	1	1	0	(-3.180300813983877e-17-2.6630019342464175e-17j)
-1	-1	-1	-1	-1
22	1	2	2	1
0	0	0	0	(0.766054026378233+0j)
0	0	1	0	9.665443679697459e-19j
0	1	0	0	(2.848544330410599e-19+2.6494211292468886e-19j)
0	1	1	0	(0.7660540263782329+5.563347306554042e-17j)
-1	-1	-1	-1	-1
23	1	2	2	1
0	0	0	0	(-0.7690820282396776+0j)
0	0	1	0	-2.670132527689858e-19j
0	1	0	0	(-2.5526481409803776e-22+1.0738540307914926e-18j)
0	1	1	0	(-0.769082028239678+3.872517979108169e-19j)
-1	-1	-1	-1	-1
